1.000000000000000000e+01 3.000000000000000000e+00 3.000000000000000000e+00 3.000000000000000000e+00 0.000000000000000000e+00 0.000000000000000000e+00 0.000000000000000000e+00 0.000000000000000000e+00 0.000000000000000000e+00 5.000000000000000000e-01 0.000000000000000000e+00 0.000000000000000000e+00 0.000000000000000000e+00 -3.141592513802972109e-01 -3.141592655827352143e-01 3.141592679877820427e-01 1.481606149337919565e+00
1.000000000000000000e+01 2.999999609263881428e+00 3.000000385007569825e+00 3.000342341826597092e+00 1.544140249691467750e-04 -1.558848607959371750e-04 -6.846933964509575865e-02 -1.583197191520843705e-02 -1.558329195235157172e-02 4.841680272372225757e-01 -3.141592513802973219e+00 -3.141592655827353031e+00 3.141592679877822203e+00 -1.166418139431779132e-08 -9.910429292450532916e-10 -1.475957929616972798e-10 2.859084216624372843e+00
1.000000000000000000e+01 2.999990353893776440e+00 3.000009195216529534e+00 3.001231838489687220e+00 1.919162895543939000e-03 -1.982837174004054969e-03 -1.094487731281377080e-01 -4.825099053370141694e-02 -4.597806584289924198e-02 4.517490074894521812e-01 -3.141592630444785428e+00 -3.141592665737785062e+00 3.141592678401863292e+00 1.759955083860945697e-08 5.865247818968967337e-10 -1.633308984584222882e-10 4.127024152529815026e+00
1.000000000000000000e+01 2.999945208171957312e+00 3.000050504951168762e+00 3.002405514287819432e+00 6.928323432881519812e-03 -7.334745452467142900e-03 -1.253405729185373962e-01 -8.169934683898401329e-02 -7.528941363570886003e-02 4.183006498023831288e-01 -3.141592454449276595e+00 -3.141592659872538551e+00 3.141592676768553805e+00 2.501712532411974643e-09 -1.527023432495372032e-09 3.542313674993709990e-10 5.280481997412539208e+00
1.000000000000000000e+01 2.999819420895954547e+00 3.000160792456414871e+00 3.003625575927408864e+00 1.636413700943515487e-02 -1.775793158615434492e-02 -1.187755136946210266e-01 -1.162002798892493860e-01 -1.034497847582355884e-01 3.837997144119120740e-01 -3.141592429432152223e+00 -3.141592675142773405e+00 3.141592680310866470e+00 3.472607758832346651e-08 8.869286029546828669e-10 -3.516578323160842648e-10 6.314606482488366979e+00
1.000000000000000000e+01 2.999552083030811112e+00 3.000384820492694171e+00 3.004681529066865142e+00 3.110921862324092860e-02 -3.461659576290571777e-02 -9.257998897246247361e-02 -1.517717025037278455e-01 -1.303891811159213210e-01 3.482282876778643455e-01 -3.141592082171374756e+00 -3.141592666273485435e+00 3.141592676794287442e+00 2.446421523719730067e-07 -1.300607795614924537e-10 -7.774554939266656496e-11 7.226035391724360935e+00
1.000000000000000000e+01 2.999067650558252751e+00 3.000771847917326873e+00 3.005391828493976458e+00 5.175097627330642325e-02 -5.906671028577999832e-02 -4.971469155743075963e-02 -1.884250763716094068e-01 -1.560354960972759886e-01 3.115748959669676355e-01 -3.141589635749850284e+00 -3.141592667574093500e+00 3.141592676016830676e+00 6.182296224478119051e-02 -5.678634781454638939e-10 2.003793270527544417e-10 8.008478786574700692e+00
1.000000000000000000e+01 2.998277970878858500e+00 3.001371410527762240e+00 3.005605255406087473e+00 7.858007071756943629e-02 -9.185423748905990893e-02 6.736421926097764697e-03 -2.230691317268788110e-01 -1.803535438051171724e-01 2.738607119964803216e-01 -2.523360013302038851e+00 -3.141592673252729284e+00 3.141592678020624252e+00 1.075221986827230164e-01 1.232256492086566322e-11 -4.643661260861589980e-11 8.656986653864747083e+00
1.000000000000000000e+01 2.997086003144823430e+00 3.002224657333439684e+00 3.005200971853335012e+00 1.116201117129089898e-01 -1.325873247571675295e-01 7.381523696810074475e-02 -2.503008864530764099e-01 -2.034957385324343559e-01 2.352254454443809539e-01 -1.448138026474808271e+00 -3.141592673129501190e+00 3.141592677556257041e+00 1.064242189764395274e-01 -7.535607049119691320e-11 -4.078296424584476539e-11 9.167060299000693746e+00
1.000000000000000000e+01 2.995391987654711041e+00 3.003352101693272047e+00 3.004086389121081613e+00 1.506802140754007202e-01 -1.796983571782194700e-01 1.488267073325361678e-01 -2.678427999996415010e-01 -2.257837971389070608e-01 1.958880572155596300e-01 -3.838958367104125524e-01 -3.141592673883061515e+00 3.141592677148428603e+00 7.261911454000886945e-02 7.667271715266651207e-11 -3.589632101819563657e-11 9.533379248020745322e+00
1.000000000000000000e+01 2.993100365784751915e+00 3.004746153932821962e+00 3.002195064996980634e+00 1.953906231480553313e-01 -2.311328079216025677e-01 2.292023464617064799e-01 -2.773932404184530354e-01 -2.475601821874136854e-01 1.560504031494999166e-01 3.422953086896761143e-01 -3.141592673116331724e+00 3.141592676789465965e+00 3.069075247521715205e-02 1.029522957084321445e-10 -8.695160978143027305e-11 9.749865262887535522e+00
1.000000000000000000e+01 2.990125370413686756e+00 3.006371772412084642e+00 2.999486606225392205e+00 2.452045616025936570e-01 -2.850644733237123196e-01 3.122716665017080118e-01 -2.827095593073262747e-01 -2.690616891363530883e-01 1.158357924908302583e-01 6.492028334418475932e-01 -3.141592672086810367e+00 3.141592675919949063e+00 -1.808807350998250163e-03 -2.483982300162349340e-12 -1.487755954138639987e-11 9.810000000000000497e+00
1.000000000000000000e+01 2.986394554103353194e+00 3.008172723660894832e+00 2.995948442079067853e+00 2.993745212028385283e-01 -3.402304695830253300e-01 3.951340683002294019e-01 -2.875068176723632463e-01 -2.903768946777340876e-01 7.527650777220196154e-02 6.311147599318652768e-01 -3.141592672111649609e+00 3.141592675771171628e+00 -1.879970979715795201e-02 6.822714370027662299e-11 -6.639313545987956267e-11 9.810000000000000497e+00
1.000000000000000000e+01 2.981846900685837465e+00 3.010080565854233114e+00 2.991588723187763588e+00 3.575318850066910858e-01 -3.964571150111776965e-01 4.765532273102823235e-01 -2.942724356788634643e-01 -3.114719555613799651e-01 3.433416590261745283e-02 4.431176619602854028e-01 -3.141592671429381145e+00 3.141592675107239163e+00 -2.254219095015258176e-02 -8.332603766085782162e-11 9.541873470141583752e-12 9.810000000000000497e+00
1.000000000000000000e+01 2.976426970674151740e+00 3.012021961104899059e+00 2.986422882221709596e+00 4.196005996591632425e-01 -4.542318229229486692e-01 5.563201022086393666e-01 -3.040666494457212043e-01 -3.322438073199688868e-01 -7.067064337301309784e-03 2.176957524587593007e-01 -3.141592672262641273e+00 3.141592675202657059e+00 -1.868783015275559192e-02 1.488719482174836050e-10 -1.159491610696175088e-10 9.810000000000000497e+00
1.000000000000000000e+01 2.970082053105868702e+00 3.013921191077165496e+00 2.980468610877607727e+00 4.854823266637929846e-01 -5.141304329666255279e-01 6.342008415156759060e-01 -3.169091171876787238e-01 -3.525685738856655926e-01 -4.901043511937641650e-02 3.081745093120332943e-02 -3.141592670773921014e+00 3.141592674043165001e+00 -1.266315981526761059e-02 -8.026682442855963848e-12 -5.015374126657315390e-11 9.810000000000000497e+00
1.000000000000000000e+01 2.962762171761119223e+00 3.015699874025145277e+00 2.973745887023566681e+00 5.550564162070951157e-01 -5.766717689958725801e-01 7.099764267313380950e-01 -3.323264079333441146e-01 -3.723311004887397413e-01 -9.156817250718396473e-02 -9.581414722147278684e-02 -3.141592670854187030e+00 3.141592673541628411e+00 -7.984678903089346622e-03 4.347540209492932460e-11 -5.040518386695445657e-11 9.810000000000000497e+00
1.000000000000000000e+01 2.954420687228160869e+00 3.017275953706954006e+00 2.966276735458130087e+00 6.281835109349949153e-01 -6.422692962220603041e-01 7.834571713960090111e-01 -3.497962618844610572e-01 -3.914350908663914441e-01 -1.347952130525884584e-01 -1.756609362523662565e-01 -3.141592670419432576e+00 3.141592673037579164e+00 -4.796643464712110547e-03 9.858890392242580878e-10 -7.695929060813037754e-10 9.810000000000000497e+00
1.000000000000000000e+01 2.945015152511083478e+00 3.018562723773283718e+00 2.958084937438752338e+00 7.047096145070169682e-01 -7.112444883743925805e-01 8.544805624949226575e-01 -3.689303382011257515e-01 -4.098006915041079168e-01 -1.787305992491522444e-01 -2.236273708994873100e-01 -3.141592660560544203e+00 3.141592665341649493e+00 6.543517549662425815e-04 -1.106459009841941354e-09 8.096099341885642318e-10 9.810000000000000497e+00
1.000000000000000000e+01 2.934508219055137701e+00 3.019468167309857787e+00 2.949195778305470306e+00 7.844693697284789158e-01 -7.838415418427842063e-01 9.229092295922218803e-01 -3.892936909357098130e-01 -4.273619241216166653e-01 -2.233992154722869161e-01 -2.170838533498248568e-01 -3.141592671625135225e+00 3.141592673437747507e+00 5.561823733055058956e-03 1.024653407513145454e-09 -8.513303469196727707e-10 9.810000000000000497e+00
1.000000000000000000e+01 2.922868712602262331e+00 3.019894442765481912e+00 2.939635743441946669e+00 8.672895615575729744e-01 -8.602056765004412187e-01 9.886422104469428929e-01 -4.103562190638669338e-01 -4.440723939613424598e-01 -2.688099696619656864e-01 -1.614656160192742274e-01 -3.141592661378601381e+00 3.141592664924445000e+00 9.140265268732770260e-03 -5.120217068671345176e-10 3.169346526355912960e-10 9.810000000000000497e+00
1.000000000000000000e+01 2.910072909245667194e+00 3.019737510763924160e+00 2.929432129047452538e+00 9.529931387249725994e-01 -9.403875306841136261e-01 1.051618011821151777e+00 -4.316727053460647223e-01 -4.599055675417331734e-01 -3.149573446205031768e-01 -7.006296333194649006e-02 -3.141592666498818076e+00 3.141592668093790230e+00 1.163417393316492320e-02 1.655808789589121688e-09 -1.452843896761773317e-09 9.810000000000000497e+00
1.000000000000000000e+01 2.896105802026886611e+00 3.018887099424120812e+00 2.918612665011205642e+00 1.041402665016719409e+00 -1.024365148902606215e+00 1.111810404652976647e+00 -4.529113508920876163e-01 -4.748509958043788948e-01 -3.618248655145570591e-01 4.627877599970270373e-02 -3.141592649940728954e+00 3.141592653565352666e+00 1.328090645661275833e-02 -7.873043051945768764e-10 6.174917281081045129e-10 9.810000000000000497e+00
1.000000000000000000e+01 2.880962260773702432e+00 3.017227015727063755e+00 2.907205189589057603e+00 1.132342910919011070e+00 -1.112064498868101214e+00 1.169223120089765811e+00 -4.738312117426288772e-01 -4.889105415248842790e-01 -4.093882132456491130e-01 1.790878405658302697e-01 -3.141592657813773393e+00 3.141592659740269688e+00 1.515379440277486028e-02 6.042710287326946372e-10 -5.967273037259087522e-10 9.810000000000000497e+00
1.000000000000000000e+01 2.864648069582683476e+00 3.014635749292926103e+00 2.895237372198665504e+00 1.225642758086644690e+00 -1.203373012390922758e+00 1.223885969306646171e+00 -4.942179308901906154e-01 -5.020959306597926330e-01 -4.576174485245871892e-01 3.306257845935787754e-01 -3.141592651771063505e+00 3.141592653772995458e+00 1.768148368316454014e-02 5.195856861563872998e-11 -1.593446452554307902e-10 9.810000000000000497e+00
1.000000000000000000e+01 2.847180886383449128e+00 3.010987278014538582e+00 2.882736448401380880e+00 1.321136860653373324e+00 -1.298138619108634373e+00 1.275856611276400265e+00 -5.138094095776576387e-01 -5.144296388012410404e-01 -5.064778842213994992e-01 5.074406214252243918e-01 -3.141592651251478685e+00 3.141592652179548306e+00 2.108258064626477440e-02 9.721234361746794447e-10 -9.569720185842776495e-10 9.810000000000000497e+00
1.000000000000000000e+01 2.828591195514069234e+00 3.006152008620924576e+00 2.869728915303859651e+00 1.418667575770914624e+00 -1.396160561325370919e+00 1.325226229220622276e+00 -5.322641651710177113e-01 -5.259478623614403103e-01 -5.559304939634357456e-01 7.182664278878719832e-01 -3.141592641530242425e+00 3.141592642609825070e+00 2.534502295906156111e-02 -2.880122675589457799e-09 2.772089040293465021e-09 9.810000000000000497e+00
1.000000000000000000e+01 2.808923283326185683e+00 2.999997835119388778e+00 2.856240159472726692e+00 1.518087403027545967e+00 -1.497177260156440814e+00 1.372127042282511367e+00 -5.491520013414377122e-01 -5.367043894174885477e-01 -6.059324626088282706e-01 9.717166574784875666e-01 -3.141592670331468273e+00 3.141592670330715098e+00 3.011015951478477476e-02 8.400589125019521846e-09 -8.125162017430581797e-09 9.810000000000000497e+00
1.000000000000000000e+01 2.788236236673501622e+00 2.992391321889828149e+00 2.842294009717431180e+00 1.619261989578258731e+00 -1.600855402317183929e+00 1.416739337233465790e+00 -5.639739924545162930e-01 -5.467742817311936898e-01 -6.564381864279680290e-01 1.272818252626334523e+00 -3.141592586325580250e+00 3.141592589079095887e+00 3.469789088836166407e-02 2.465912477001110665e-10 -2.289782484955724261e-10 9.810000000000000497e+00
1.000000000000000000e+01 2.766604928032287081e+00 2.983199028228959548e+00 2.827912235824755260e+00 1.722073544394581379e+00 -1.706785235763673247e+00 1.459294625745355178e+00 -5.762163713788506225e-01 -5.562559090824319430e-01 -7.074008759204988284e-01 1.619797161509950678e+00 -3.141592583859668775e+00 3.141592586789315522e+00 3.798323960747589101e-02 3.979005275787743988e-09 -3.946058267600231031e-09 9.810000000000000497e+00
1.000000000000000000e+01 2.744120901188966233e+00 2.972289000440384577e+00 2.813114050938097410e+00 1.826424257936422935e+00 -1.814487011717726750e+00 1.500071089747291087e+00 -5.854431049016797228e-01 -5.652697548450810183e-01 -7.587746915069617515e-01 1.999629557584710504e+00 -3.141592544069613968e+00 3.141592547328733165e+00 3.855663957687200522e-02 9.621653168231401015e-10 1.287325290498066796e-09 9.810000000000000497e+00
1.000000000000000000e+01 2.720893024486717326e+00 2.959532436914316111e+00 2.797915715387053304e+00 1.932239056510772768e+00 -1.923434182436958517e+00 1.539377231608527907e+00 -5.914250629813226912e-01 -5.739522107349849245e-01 -8.105172875608082084e-01 2.385195953353432152e+00 -3.141592534447960716e+00 3.141592560201983186e+00 3.532018123262711806e-02 1.209933522438101852e-08 -1.216921908694095226e-08 9.810000000000000497e+00
1.000000000000000000e+01 2.697047727392270833e+00 2.944805512393454894e+00 2.782330371845832317e+00 2.039466792364363013e+00 -2.033096292923691095e+00 1.577522131681843964e+00 -5.942676021282350396e-01 -5.824434339721638043e-01 -8.625925721975649108e-01 2.738397765679701834e+00 -3.141592413454609378e+00 3.141592438509791307e+00 2.778943135366104822e-02 -1.525685222037116035e-08 1.328643495290827059e-08 9.810000000000000497e+00
1.000000000000000000e+01 2.672728636930487678e+00 2.927991290074967168e+00 2.766368230712442866e+00 2.148079010870216798e+00 -2.142997704292291861e+00 1.614776299497235890e+00 -5.944912766104702984e-01 -5.908704840188736540e-01 -9.149734364205834858e-01 3.016292079216313482e+00 -3.141592566023134303e+00 3.141592571374140164e+00 1.252941746507702479e-02 1.065158427419045465e-07 -5.797442830566264296e-08 9.810000000000000497e+00
1.000000000000000000e+01 2.648095485359779122e+00 2.908981592965402374e+00 2.750037175525222644e+00 2.258065696221806640e+00 -2.252794015817340068e+00 1.651325398102924780e+00 -5.932288964285481470e-01 -5.993257295317165889e-01 -9.676449635239428027e-01 3.141586253867085787e+00 -3.141591500864707509e+00 3.141591991629857805e+00 -6.703201665663752006e-07 5.055895685129687539e-02 -1.491732394849334085e-02 9.810000000000000497e+00
1.000000000000000000e+01 2.623304201186061224e+00 2.887699384935498159e+00 2.733343640458443691e+00 2.369337492880043694e+00 -2.362282936461466143e+00 1.687318047090486495e+00 -5.904356089441110678e-01 -6.061809224297058929e-01 -1.018117569306935088e+00 3.141579550665420051e+00 -2.636001932351737409e+00 2.992418752144923033e+00 -8.513618764431190797e-03 1.139345320922846294e-01 -6.364589912074371247e-02 9.810000000000000497e+00
1.000000000000000000e+01 2.598402858219813538e+00 2.864203858621533705e+00 2.716290969134232292e+00 2.481387235636322686e+00 -2.470993546057185686e+00 1.723291281471476699e+00 -5.828977632874569048e-01 -6.085578381955440985e-01 -1.059186689778618629e+00 3.056443363021106308e+00 -1.496656611428889949e+00 2.355959760937485381e+00 -1.750018352042548991e-02 1.335382454693768428e-01 -7.779892096520903133e-02 9.810000000000000497e+00
1.000000000000000000e+01 2.573225391355459024e+00 2.838762870942200145e+00 2.698874325046055400e+00 2.593336630019462685e+00 -2.577860388609797493e+00 1.760317115220739081e+00 -5.678189971261343727e-01 -6.047787273536010533e-01 -1.084785398686112456e+00 2.881441527816853032e+00 -1.612741567351225203e-01 1.577970551285392764e+00 -2.361243230596188694e-02 1.123678209867006311e-01 -5.798601360806338034e-02 9.810000000000000497e+00
1.000000000000000000e+01 2.547472292478344169e+00 2.811741806550587697e+00 2.681077015443366296e+00 2.704149065461536772e+00 -2.681652716597174191e+00 1.799613174084470968e+00 -5.462369966416384948e-01 -5.945461221861433332e-01 -1.095484310976543751e+00 2.645317204757229756e+00 9.624040531318838188e-01 9.981104152047587386e-01 -2.555182836386201209e-02 7.254086861486154503e-02 -2.681808338185423177e-02 9.810000000000000497e+00
1.000000000000000000e+01 2.520870312405903313e+00 2.783462463486071403e+00 2.662871286927997794e+00 2.812823463942548230e+00 -2.781510079962351778e+00 1.842121274039231871e+00 -5.215397652686438734e-01 -5.787302436073998857e-01 -1.096334558974056295e+00 2.389798921118610586e+00 1.687812739280497798e+00 7.299295813862162197e-01 -2.372941572513076469e-02 3.349990754236056856e-02 -2.838338178195565220e-03 9.810000000000000497e+00
1.000000000000000000e+01 2.493269721109035775e+00 2.754131817915818736e+00 2.644222206353404658e+00 2.918552526743760644e+00 -2.877144884698689786e+00 1.888326644234642693e+00 -4.970475527111940517e-01 -5.590383477216095409e-01 -1.093025997034524410e+00 2.152504763867302717e+00 2.022811814704103650e+00 7.015461996042601234e-01 -1.950395132604310425e-02 5.193721600360582530e-03 7.329196277710395974e-03 9.810000000000000497e+00
1.000000000000000000e+01 2.464647598614893020e+00 2.723843200152392008e+00 2.625092156305409929e+00 3.020822148370171156e+00 -2.968722369654000381e+00 1.938300215719565234e+00 -4.746428233504385585e-01 -5.374749025017437898e-01 -1.089470689835421169e+00 1.957465250606871932e+00 2.074749030707708553e+00 7.748381623813644925e-01 -1.444027845557739088e-02 -1.058841770079567077e-02 6.305480864541062463e-03 9.810000000000000497e+00
1.000000000000000000e+01 2.435058520854404218e+00 2.692617686938498789e+00 2.605444276863261521e+00 3.119426255978889007e+00 -3.056610497977239049e+00 1.991846677710024993e+00 -4.547119252350914631e-01 -5.157887508687377665e-01 -1.087330566879752602e+00 1.813062466051098331e+00 1.968864853699750839e+00 8.378929710267745135e-01 -1.292088411818092912e-02 -1.919327458916344001e-02 -4.917362472815804079e-04 9.810000000000000497e+00
1.000000000000000000e+01 2.404581338547567171e+00 2.660450244663454811e+00 2.585244367621382100e+00 3.214415219167070514e+00 -3.141181702998276482e+00 2.048647355717472696e+00 -4.369274144782261948e-01 -4.952893547462134949e-01 -1.086715130162106524e+00 1.683853624869288579e+00 1.776932107808117722e+00 8.329756085539588017e-01 -1.200083431136488715e-02 -2.115876749208945098e-02 -7.178809624549453358e-03 9.810000000000000497e+00
1.000000000000000000e+01 2.373286308943642453e+00 2.627339159447428685e+00 2.564461706853330636e+00 3.306031099000149798e+00 -3.222750382558909887e+00 2.108335200218900862e+00 -4.208455770125351658e-01 -4.767773425608424764e-01 -1.087052342624348134e+00 1.563845281755639638e+00 1.565344432887222803e+00 7.611875123084637096e-01 -1.051064492716974504e-02 -1.857544156893395013e-02 -1.067959466278602630e-02 9.810000000000000497e+00
1.000000000000000000e+01 2.341222299256020101e+00 2.593297506379648176e+00 2.543069235079823631e+00 3.394612583439784892e+00 -3.301558251217903805e+00 2.170553672600016970e+00 -4.060183569011925897e-01 -4.604495986990429501e-01 -1.087685160097954684e+00 1.458738832483942538e+00 1.379590017197884100e+00 6.543915656806033043e-01 -8.280372663491976024e-03 -1.365125263335457279e-02 -1.062978586796482425e-02 9.810000000000000497e+00
1.000000000000000000e+01 2.308418331340074126e+00 2.558351793033255994e+00 2.521043221318066685e+00 3.480499353713730759e+00 -3.377777443855890738e+00 2.234998662072502640e+00 -3.920615244634035323e-01 -4.460301076299718059e-01 -1.088179129092857078e+00 1.375935105849021900e+00 1.243077490864338497e+00 5.480937070009547218e-01 -5.669495380107770002e-03 -8.175864814266299921e-03 -8.266057863914438517e-03 9.810000000000000497e+00
1.000000000000000000e+01 2.274891675393538204e+00 2.522535137590109500e+00 2.498362624031043921e+00 3.563964771367894357e+00 -3.451521470961519178e+00 2.301437897451965142e+00 -3.786688627930515638e-01 -4.329844843291609791e-01 -1.088374010607860098e+00 1.319240152047944648e+00 1.161318842721675626e+00 4.654331283618103887e-01 -3.044433561432535480e-03 -3.266130563111584173e-03 -5.157453930444994700e-03 9.810000000000000497e+00
1.000000000000000000e+01 2.240656082863352161e+00 2.485880811722064543e+00 2.475008356120186104e+00 3.645185183395531769e+00 -3.522856744429545550e+00 2.369711787561617822e+00 -3.655980077122317207e-01 -4.207194278532436216e-01 -1.088299413306644592e+00 1.288795816433619068e+00 1.128657537090559604e+00 4.138585890573603931e-01 -7.151870067469566668e-04 5.154870278204364041e-04 -2.479113934761293780e-03 9.810000000000000497e+00
1.000000000000000000e+01 2.205727005518419936e+00 2.448418751132023008e+00 2.450962603426691810e+00 3.724239490036694189e+00 -3.591811108270348107e+00 2.439722897108126176e+00 -3.526502698543864112e-01 -4.087176032325789965e-01 -1.088062068174176167e+00 1.281643946366149311e+00 1.133812407368764541e+00 3.890674497097474371e-01 9.807718543927126855e-04 2.891392260305608239e-03 -8.179161114056528441e-04 9.810000000000000497e+00
1.000000000000000000e+01 2.170123443784029771e+00 2.410175069602840114e+00 2.426208282710402564e+00 3.801127714041956374e+00 -3.658380366558145802e+00 2.511419780080318187e+00 -3.396679497263551117e-01 -3.966097477819018891e-01 -1.087763873865815301e+00 1.291451664910076014e+00 1.162726329971820460e+00 3.808882885956907383e-01 1.948272103737098580e-03 3.894481682198908459e-03 -1.967889604150398826e-04 9.810000000000000497e+00
1.000000000000000000e+01 2.133867553731550792e+00 2.371173369494292249e+00 2.400728670020553679e+00 3.875798764031132215e+00 -3.722536077492286211e+00 2.584778516033181983e+00 -3.265427675614051561e-01 -3.841953223342253754e-01 -1.087466352309267359e+00 1.310934385947446712e+00 1.201671146793808376e+00 3.789203989915401749e-01 2.442354178878734187e-03 3.946375915363332237e-03 -2.395465087192363732e-04 9.810000000000000497e+00
1.000000000000000000e+01 2.096983425062062256e+00 2.331436435081870151e+00 2.374507216320990821e+00 3.948178235953596182e+00 -3.784234153215624730e+00 2.659786001501769803e+00 -3.132101019773304018e-01 -3.714130477487403992e-01 -1.087192089765833369e+00 1.335357927736234407e+00 1.241134905947442135e+00 3.765249339043477694e-01 3.472775650458010364e-03 4.165398186038168221e-03 -2.862521120000722174e-04 9.810000000000000497e+00
1.000000000000000000e+01 2.059496144015564134e+00 2.290987364495667311e+00 2.347527494162862105e+00 4.018186259369248781e+00 -3.843418835710261661e+00 2.736430262196485774e+00 -2.995949390669984114e-01 -3.582497263322044212e-01 -1.086945706331478467e+00 1.370085684240814006e+00 1.282788887807823297e+00 3.736624127843468646e-01 7.487845473548850224e-03 7.013944073302518824e-03 4.948138595003180118e-04 9.810000000000000497e+00
1.000000000000000000e+01 2.021431706475180778e+00 2.249849867990535657e+00 2.319773176435329987e+00 4.085730442574631915e+00 -3.900007401553618358e+00 2.814706197182341274e+00 -2.854467745871572260e-01 -3.445462571797492379e-01 -1.086734038243752698e+00 1.444964138976303270e+00 1.352928328540848213e+00 3.786105513793501243e-01 1.849347538828300871e-02 1.653915814055122169e-02 2.622917113412163125e-03 9.810000000000000497e+00
1.000000000000000000e+01 1.982817578842839934e+00 2.208048593369142498e+00 2.291227829533481142e+00 4.150650158569145987e+00 -3.953828546738129557e+00 2.894648566802334511e+00 -2.700131275110074780e-01 -3.296660515363638577e-01 -1.086554837594021938e+00 1.629898892859132919e+00 1.518319909946360236e+00 4.048397225134717781e-01 4.094954755582173173e-02 3.716411210920531755e-02 5.352986397483995053e-03 9.810000000000000497e+00
1.000000000000000000e+01 1.943682426204160318e+00 2.165612025423396592e+00 2.261874207309027440e+00 4.212588516835157115e+00 -4.004484446464894098e+00 2.976398607523067064e+00 -2.515921692102415230e-01 -3.120876596999206942e-01 -1.086318336241905325e+00 2.039394368417349668e+00 1.889961031038413841e+00 4.583695864883117199e-01 6.191262438903136905e-02 6.261947132806774952e-02 5.668190818376292982e-03 9.810000000000000497e+00
1.000000000000000000e+01 1.904053784581773767e+00 2.122580424970918589e+00 2.231692816061004780e+00 4.270817235937305334e+00 -4.051176827285076776e+00 3.060267702131120870e+00 -2.279469291503236628e-01 -2.895304209868646006e-01 -1.085791299972851176e+00 2.658520612307665232e+00 2.516155744319091614e+00 5.150514946720747833e-01 4.747808307263234884e-02 5.393728771058062255e-02 1.755918543791724299e-03 9.810000000000000497e+00
1.000000000000000000e+01 1.863961177008669923e+00 2.079010589013229549e+00 2.200660462355869207e+00 4.324245170935887117e+00 -4.092795368770691056e+00 3.146644075452085243e+00 -1.987680942939926421e-01 -2.611934565170438982e-01 -1.084983233469126507e+00 3.133301443033988942e+00 3.055528621424897562e+00 5.326106801099920185e-01 8.291014455044643221e-04 8.606379421255097584e-03 -3.935498850513476435e-03 9.810000000000000497e+00
1.000000000000000000e+01 1.823455478253579676e+00 2.034959813046176791e+00 2.168751049703376399e+00 4.371939092229234269e+00 -4.128498780544505919e+00 3.235665779122816055e+00 -1.672437332017322198e-01 -2.297916793894224652e-01 -1.084371477064131728e+00 3.141592457489034373e+00 3.141592415637448621e+00 4.932556916048576046e-01 -8.222308896304211259e-08 -7.368038265718355314e-08 -8.835334754651555031e-03 9.810000000000000497e+00
1.000000000000000000e+01 1.782610169770613373e+00 1.990475416358327143e+00 2.135939156327102850e+00 4.413587907428064838e+00 -4.158108212031169870e+00 3.327082556499233679e+00 -1.357617882531378106e-01 -1.980568666451304471e-01 -1.084062038414209228e+00 3.141591635258144777e+00 3.141591678833620449e+00 4.049023440583421340e-01 5.467413591808760680e-08 4.775538500250523240e-08 -1.172833060287935443e-02 9.810000000000000497e+00
1.000000000000000000e+01 1.741491323860122398e+00 1.945613558912578478e+00 2.102202631152874979e+00 4.449144883680115292e+00 -4.181599820802116341e+00 3.420529713301587726e+00 -1.042865549257347424e-01 -1.664506130709600407e-01 -1.083732309966864760e+00 3.141592181999504074e+00 3.141592156387472023e+00 2.876190380295486904e-01 -3.263511717974045921e-10 8.323867950867469984e-10 -1.261064266615478068e-02 9.810000000000000497e+00
1.000000000000000000e+01 1.700153074524193286e+00 1.900441793887490682e+00 2.067523050354727499e+00 4.478598445367689251e+00 -4.198947911848324388e+00 3.515630564760242827e+00 -7.278913572740715321e-02 -1.349571843656343084e-01 -1.083184854639178685e+00 3.141592178735993279e+00 3.141592164711340729e+00 1.615126113680008801e-01 1.271697145087438184e-08 1.289493201336286671e-08 -1.215303505580128327e-02 9.779873028706049354e+00
1.000000000000000000e+01 1.658645139982295236e+00 1.855032554534105538e+00 2.031888759803357036e+00 4.501865568330813971e+00 -4.210097221714288018e+00 3.611407440197828222e+00 -4.127973148266608772e-02 -1.035330293312941574e-01 -1.082394141201229232e+00 3.141592305905708038e+00 3.141592293660661284e+00 3.998226080998795035e-02 4.459873377336102462e-09 4.572003313565873455e-09 -1.122797719837634496e-02 9.711791334106273155e+00
1.000000000000000000e+01 1.617018710152010375e+00 1.809457744137878299e+00 1.995298720488826616e+00 4.518902976197536780e+00 -4.215054922087159817e+00 3.706715591046860769e+00 -9.779312458265023225e-03 -7.212981807243416810e-02 -1.081426947494119384e+00 3.141592350504439857e+00 3.141592339380695709e+00 -7.229751117377548886e-02 4.615847781358870364e-09 4.736892403041440652e-09 -1.042026798094408506e-02 9.611142626393501587e+00
1.000000000000000000e+01 1.575328250134578001e+00 1.763785857529266865e+00 1.957762829611715105e+00 4.529742180420941899e+00 -4.213909143945342883e+00 3.800513339160386028e+00 2.169615716030551256e-02 -4.070560138797478522e-02 -1.080368588685024056e+00 3.141592396662919562e+00 3.141592386749618271e+00 -1.765001909832163707e-01 3.171327973980207717e-09 3.263610346559543424e-09 -9.956854292397000067e-03 9.483156594245858884e+00
1.000000000000000000e+01 1.533630651280607715e+00 1.718081412155833876e+00 1.919300856369427821e+00 4.534477682917448682e+00 -4.206813799277588473e+00 3.891868962960891576e+00 5.313918959912943690e-02 -9.225703300428158074e-03 -1.079282413126400941e+00 3.141592428376198676e+00 3.141592419385723201e+00 -2.760687339071863367e-01 3.474969374165643857e-09 3.582463841833882783e-09 -9.813363261801370807e-03 9.332871521243751189e+00
1.000000000000000000e+01 1.491983369023497596e+00 1.672405548170811329e+00 1.879941319253743970e+00 4.533255310807739136e+00 -4.193973770724030103e+00 3.979964836447166476e+00 8.454805835118671398e-02 2.234072964706228584e-02 -1.078200080543276762e+00 3.141592463125893797e+00 3.141592455210362900e+00 -3.742023665252001696e-01 3.195478105968225606e-09 3.301683420019789522e-09 -9.860013410658776886e-03 9.165102222628183526e+00
1.000000000000000000e+01 1.450442683399876476e+00 1.626816763975105440e+00 1.839720337773863790e+00 4.526260412706955449e+00 -4.175631372166833444e+00 4.064098876011234651e+00 1.159231642460949313e-01 5.402402382276919740e-02 -1.077129604391015238e+00 3.141592495080675729e+00 3.141592488227195279e+00 -4.728025006317879142e-01 1.885889375775223946e-09 1.970141974067050068e-09 -9.969168682275531684e-03 8.984409356660165713e+00
1.000000000000000000e+01 1.409062596113028976e+00 1.581371302537686097e+00 1.798680481842293677e+00 4.513706293849656603e+00 -4.152054130916466690e+00 4.143683447448260004e+00 1.472649638357684532e-01 8.585539828738099344e-02 -1.076068373298936454e+00 3.141592513939567954e+00 3.141592507928613554e+00 -5.724941874545431686e-01 1.342305351932085727e-09 1.423476432707024396e-09 -1.006395510695180968e-02 8.795070188009981749e+00
1.000000000000000000e+01 1.367894393029837730e+00 1.536123149657591114e+00 1.756869643841963091e+00 4.495823373011733182e+00 -4.123523689826479099e+00 4.218241903055155895e+00 1.785736513984353402e-01 1.178668009221551100e-01 -1.075013402702140963e+00 3.141592527362620846e+00 3.141592522163380252e+00 -6.731337385240612203e-01 1.982051179112896024e-10 2.821378475806296330e-10 -1.011102741374540412e-02 8.601051148281706915e+00
1.000000000000000000e+01 1.326986665524615860e+00 1.491123808612565993e+00 1.714339956596381720e+00 4.472849380233381744e+00 -4.090325712298819916e+00 4.287402989693819499e+00 2.098498355646123970e-01 1.500900551193891652e-01 -1.073966844912283447e+00 3.141592529344671814e+00 3.141592524984758938e+00 -7.742440126615152129e-01 -2.976880905613279938e-09 -3.012781072543692489e-09 -1.012469517171790505e-02 8.405981905993122894e+00
1.000000000000000000e+01 1.286385575031814499e+00 1.446422040697108224e+00 1.671146776099375009e+00 4.445020727451283626e+00 -4.052740833977445334e+00 4.350893327229722551e+00 2.410953494027136268e-01 1.825561808339135339e-01 -1.072936987803127851e+00 3.141592499575863062e+00 3.141592494856947582e+00 -8.754909643786942253e-01 2.048363093037367980e-09 2.182095895132995915e-09 -1.012179079237433485e-02 8.213130742899183545e+00
1.000000000000000000e+01 1.246135163404288981e+00 1.402063717666085285e+00 1.627347748237637726e+00 4.412565060553254703e+00 -4.011036828442685831e+00 4.408528261297089301e+00 2.723137566288110212e-01 2.152952024042870394e-01 -1.071936816661437364e+00 3.141592520059492966e+00 3.141592516677906399e+00 -9.767088723024378583e-01 3.031982743665622670e-10 4.130226401314055611e-10 -1.015815775004743141e-02 8.025376649054619449e+00
1.000000000000000000e+01 1.206277629089420378e+00 1.358091840451428611e+00 1.583001974096476472e+00 4.375695013535714217e+00 -3.965462196109171611e+00 4.460201272389620719e+00 3.035101628364927362e-01 2.483367992258670165e-01 -1.070980583516718987e+00 3.141592523091475186e+00 3.141592520808134559e+00 -1.078290449802912221e+00 1.209058960044979806e-08 1.229481023347550734e-08 -1.026687601556229568e-02 7.845200048034881135e+00
1.000000000000000000e+01 1.166853460835590051e+00 1.314546794588222767e+00 1.538169285437342104e+00 4.334603038267969666e+00 -3.916241302437533545e+00 4.505872583786660890e+00 3.346902939228393881e-01 2.817117430009486445e-01 -1.070079618472249194e+00 3.141592643997370260e+00 3.141592643756237369e+00 -1.180959209958535316e+00 -1.361257479654834834e-08 -1.371466067847299192e-08 -1.086899129861521734e-02 7.674601310656203879e+00
1.000000000000000000e+01 1.127901186746152362e+00 1.271467033805301350e+00 1.492909643079125326e+00 4.289457439098611324e+00 -3.863571900986213059e+00 4.545555935721569796e+00 3.658534948104859019e-01 3.154603491564287321e-01 -1.069220157019021178e+00 3.141592507871623141e+00 3.141592506609631297e+00 -1.289649122944686921e+00 1.394327683906287493e-08 1.407452588192900674e-08 -1.099655864090634018e-02 7.515178179101869915e+00
1.000000000000000000e+01 1.089456639589756692e+00 1.228890249973026316e+00 1.447282660700793810e+00 4.240398732740063181e+00 -3.807624322667641170e+00 4.579306782854663638e+00 3.969986352939777197e-01 3.496251475152641341e-01 -1.068390239943682429e+00 3.141592647304389807e+00 3.141592647354891188e+00 -1.399614709353751429e+00 -1.552165493625924291e-09 -1.514636002366306087e-09 -1.114233229944212693e-02 7.368076084911746371e+00
1.000000000000000000e+01 1.051554340511786645e+00 1.186852650747395099e+00 1.401347249974508324e+00 4.187540120134411126e+00 -3.748540411063874256e+00 4.607209836304902772e+00 4.281324905860408592e-01 3.842416662615006917e-01 -1.067603489370493097e+00 3.141592631782733402e+00 3.141592632208531910e+00 -1.511038032348172244e+00 1.900437730587169738e-10 2.258794374288766082e-10 -1.110360843403138814e-02 7.233967154384056464e+00
1.000000000000000000e+01 1.014228296919493566e+00 1.145388761127231536e+00 1.355161389275487682e+00 4.130969081986705760e+00 -3.686434470434666544e+00 4.629366825036759892e+00 4.592678371658012737e-01 4.193417329235877289e-01 -1.066885311747267195e+00 3.141592633683173208e+00 3.141592634467326395e+00 -1.622074116688485779e+00 -1.180604485980705189e-08 -1.153723818417267240e-08 -1.118572004459289504e-02 7.113087318267591996e+00
1.000000000000000000e+01 9.775127774614662535e-01 1.104531213903335418e+00 1.308782007424648564e+00 4.070750341663701199e+00 -3.621395200091420907e+00 4.645885740746903636e+00 4.904230058242237122e-01 4.549548936214746209e-01 -1.066268555068033974e+00 3.141592515622725568e+00 3.141592519094944080e+00 -1.733931317134415062e+00 1.797143912176355521e-09 1.932707522185194616e-09 -1.108951548156058772e-02 7.005338084343255112e+00
1.000000000000000000e+01 9.414425694328829586e-01 1.064310959244180177e+00 1.262264961845366296e+00 4.006928731176285119e+00 -3.553488474190473756e+00 4.656872716819487223e+00 5.216231886982297672e-01 4.911079638738141684e-01 -1.065793944533567128e+00 3.141592533594165015e+00 3.141592538422019132e+00 -1.844826471950021141e+00 -1.732947261118340012e-09 -1.493396097396136586e-09 -1.176088848217093918e-02 6.910267844902506340e+00
1.000000000000000000e+01 9.060531855919862210e-01 1.024757454908193921e+00 1.215665093962223553e+00 3.939533316952641862e+00 -3.482761342274919958e+00 4.662424620823898636e+00 5.528860242360389421e-01 5.278414414726096959e-01 -1.065479176743351131e+00 3.141592516264693380e+00 3.141592523488055733e+00 -1.962435356771730754e+00 -2.428107094154430116e-10 4.150640331082130159e-12 -1.377231883891892432e-02 6.827083750126121231e+00
1.000000000000000000e+01 8.713784212303679055e-01 9.859011463129681019e-01 1.169036353687525009e+00 3.868578461981334371e+00 -3.409250783588658074e+00 4.662623025392341525e+00 5.841794638056403421e-01 5.652533103050368934e-01 -1.065243437064508525e+00 3.141592513836587219e+00 3.141592523529562531e+00 -2.100158545160920820e+00 1.011192373614217322e-09 1.238333487320343276e-09 -1.718693992442860488e-02 6.754716074389058633e+00
1.000000000000000000e+01 8.374458701670310923e-01 9.477776372535711147e-01 1.122431970441818416e+00 3.794061871406462227e+00 -3.332996356460892873e+00 4.657530471372052894e+00 6.153899592720165623e-01 6.035276778346468918e-01 -1.064872345396602471e+00 3.141592523948511850e+00 3.141592535912896889e+00 -2.272027944405208277e+00 -1.435024417597243927e-09 -1.038972337736502002e-09 -2.144925976344108295e-02 6.691865874241228695e+00
1.000000000000000000e+01 8.042724095184330402e-01 9.104317402691322059e-01 1.075904651617813457e+00 3.715962893034936432e+00 -3.254054059187216907e+00 4.647188721222518026e+00 6.463156912365856099e-01 6.429334925441833049e-01 -1.064035303511097874e+00 3.141592509598266414e+00 3.141592525523171808e+00 -2.486520542039619031e+00 1.275619971328240902e-08 1.167823355878080799e-08 -2.495902781562243933e-02 6.637032298398418462e+00
1.000000000000000000e+01 7.718621088720820644e-01 8.739192564248012829e-01 1.029506792973886586e+00 3.634245850428081237e+00 -3.172507300033642785e+00 4.631618695499205351e+00 6.767120633532300866e-01 6.837677575528969820e-01 -1.062383401105321257e+00 3.141592637160263823e+00 3.141592642305508498e+00 -2.736110820195841065e+00 -2.091864483252370888e-08 -1.828051111680530709e-08 -2.432674101388952390e-02 6.588530441156471795e+00
1.000000000000000000e+01 7.402103803656161496e-01 8.383031552357773641e-01 9.832906788974944412e-01 3.548875819917222785e+00 -3.088467383957387291e+00 4.610821978028057266e+00 7.064485277697399868e-01 7.261941361409818274e-01 -1.059794842737666887e+00 3.141592427973815216e+00 3.141592459500396561e+00 -2.979378230334734923e+00 1.298079172995629990e-09 1.360943603418742400e-09 -1.539540395287041820e-02 6.544512439332809350e+00
1.000000000000000000e+01 7.093194407795997414e-01 8.036396285715623478e-01 9.373086617449448710e-01 3.459855565864881743e+00 -3.002051714685270323e+00 4.584783696607998671e+00 7.358138207197731928e-01 7.699697456708971544e-01 -1.056779500094990665e+00 3.141592440954608101e+00 3.141592473109832806e+00 -3.133332269863442043e+00 -3.202745610740662499e-09 -3.037349813062446631e-09 -8.257928527491226146e-04 6.502982332953171074e+00
1.000000000000000000e+01 6.792237149429682930e-01 7.699549417893041259e-01 8.916133077434595933e-01 3.367278495282463258e+00 -2.913338140306784396e+00 4.553476193792574733e+00 7.657056977064320424e-01 8.143420929300683175e-01 -1.054632171772834415e+00 3.141592408927150082e+00 3.141592442736335311e+00 -3.141590198390936450e+00 -2.216002558079335864e-09 -2.192135409064983848e-09 1.641576454574698316e-07 6.461799795623818454e+00
1.000000000000000000e+01 6.500000825418954520e-01 7.372354558150435722e-01 8.462575050941603116e-01 3.271349433088771796e+00 -2.822343626020168639e+00 4.516862875251045573e+00 7.969258403628691756e-01 8.587687002200368180e-01 -1.054361539955491089e+00 3.141592386767122047e+00 3.141592420814981246e+00 -3.141588556814481237e+00 -8.720182237373242492e-09 -1.330163296776054735e-08 -3.008531371057695283e-07 6.418712003399665633e+00
1.000000000000000000e+01 6.217392716265153219e-01 7.054527683936999694e-01 8.012945298071323386e-01 3.172334695000801119e+00 -2.729082521424209151e+00 4.474903035042326671e+00 8.298543254138504022e-01 9.031782953099689593e-01 -1.056315262436722247e+00 3.141592299565300284e+00 3.141592287798652183e+00 -3.141591565345853265e+00 -7.180564198142484004e-09 6.157149282104066319e-09 2.260120312273618433e-03 6.371341762640447826e+00
1.000000000000000000e+01 5.945383845351321916e-01 6.745705339105718679e-01 7.567780579610730030e-01 3.070552064145527726e+00 -2.633587817826261279e+00 4.427557663807314192e+00 8.650331415251116818e-01 9.474348107309724654e-01 -1.061017571257445224e+00 3.141592227759660183e+00 3.141592349370143644e+00 -3.118990362223116986e+00 -1.235676210753841589e-08 -9.892199892403918411e-08 5.305243412879184078e-02 6.317177757719609765e+00
1.000000000000000000e+01 5.685349299890836150e-01 6.445156729496201997e-01 7.127621177339578118e-01 2.966427752650438787e+00 -2.535846687536404076e+00 4.374795435508025854e+00 9.055466563534181335e-01 9.894038447421882321e-01 -1.072033421542309739e+00 3.141592104192037382e+00 3.141591360150155943e+00 -2.588466020935198841e+00 -1.440480109645355584e-08 -7.357316341982310381e-02 9.915951462073011036e-02 6.253565804289340058e+00
1.000000000000000000e+01 5.439634697900213034e-01 6.151346703398172799e-01 6.693006702769364047e-01 2.860708019153284543e+00 -2.435702670738359554e+00 4.316725383833388996e+00 9.522159581400005957e-01 1.022771961878498281e+00 -1.090071903719557866e+00 3.141591960144028306e+00 2.405859725951925654e+00 -1.596870874727898793e+00 3.324208556947665321e-10 -1.405153876276547531e-01 9.727142317911197100e-02 6.177796181639251039e+00
1.000000000000000000e+01 5.209014297832892382e-01 5.864086702122510708e-01 6.264436386991421024e-01 2.754562352059860775e+00 -2.333432409084113424e+00 4.254105741256419826e+00 9.967105406161792525e-01 1.041542063326940548e+00 -1.105304964198336126e+00 3.141591963468234994e+00 1.000705849675376236e+00 -6.241566429367775282e-01 -1.583598236119125938e-02 -1.289254683346186259e-01 3.956971806299426631e-02 6.087774670917366571e+00
1.000000000000000000e+01 4.990882889442480597e-01 5.585708287269635086e-01 5.842300249876215545e-01 2.649243755623089225e+00 -2.230070199600213687e+00 4.188289856834734870e+00 1.028599939409688968e+00 1.047066256774774606e+00 -1.106772300807912890e+00 2.983232139856322629e+00 -2.885488336708098567e-01 -2.284594623068348929e-01 -6.365786369176866522e-02 -5.576071943632070205e-02 -2.265438363351390816e-02 5.982618364218521556e+00
1.000000000000000000e+01 4.781014362142861351e-01 5.319465514168166820e-01 5.426849144645515821e-01 2.545623711005733369e+00 -2.127029499551820635e+00 4.120601373954690061e+00 1.043776987796148914e+00 1.047132796697688217e+00 -1.093524926744949166e+00 2.346653502938634173e+00 -8.461560280340165718e-01 -4.550032986419739744e-01 -7.782913042330136255e-02 7.285129322851469948e-03 -1.695181697522279984e-03 5.862673341393355386e+00
1.000000000000000000e+01 4.576741527376615437e-01 5.067226694978024248e-01 5.018223679254307790e-01 2.444087020780334019e+00 -2.025552000184381640e+00 4.051879369399110864e+00 1.047197550670520672e+00 1.047087197059718644e+00 -1.074869871323576476e+00 1.568362198705621324e+00 -7.733047348055018810e-01 -4.719551156171966633e-01 -7.088790431052169327e-02 3.435527466285464432e-02 2.238397552475232186e-02 5.729085160158630785e+00
1.000000000000000000e+01 4.378296091861035855e-01 4.828486103323865741e-01 4.616508335112414763e-01 2.344858462339829863e+00 -1.926321345282140163e+00 3.982426629495704695e+00 1.047197036695263872e+00 1.047197550739076499e+00 -1.060851766518967176e+00 8.594831556004051132e-01 -4.297519881769558125e-01 -2.481153603696734655e-01 -5.794852854243432577e-02 2.897880255191015095e-02 1.673054463027366656e-02 5.583317763137876533e+00
1.000000000000000000e+01 4.187355548335780497e-01 4.601442369941621813e-01 4.221774842954593154e-01 2.248152562212232475e+00 -1.829615470770032948e+00 3.912243240976500669e+00 1.047197284036954779e+00 1.047197547485129387e+00 -1.054273256732668029e+00 2.799978701760618693e-01 -1.399639626578542961e-01 -8.080991406693686929e-02 -3.507195011837280912e-02 1.753158702653508788e-02 1.012232831955772044e-02 5.426870565215891062e+00
1.000000000000000000e+01 4.005277922666556911e-01 4.384472646716526256e-01 3.834098803344616613e-01 2.154156406933312784e+00 -1.735619318809862088e+00 3.841277596973953656e+00 1.047197550112360931e+00 1.047197541975533941e+00 -1.053065308402789002e+00 -7.072163100766629129e-02 3.535190760749658961e-02 2.041336912864032474e-02 -1.345905827079752794e-02 6.730826577829819232e-03 3.885721666079330113e-03 5.261215625130285289e+00
1.000000000000000000e+01 3.832697913315619154e-01 4.176529030297846390e-01 3.453560745033024126e-01 2.063029480118378167e+00 -1.644492393132201968e+00 3.769483677657344156e+00 1.047197513084590526e+00 1.047197530565196599e+00 -1.054658948978344668e+00 -2.053122137156415949e-01 1.026601733857947785e-01 5.927058578943363715e-02 1.037804649463710486e-03 -5.193549581083919692e-04 -3.000104433697945686e-04 5.087788294886737006e+00
1.000000000000000000e+01 3.669648464702661705e-01 3.977052711334563284e-01 3.080245440071212037e-01 1.974906402735847610e+00 -1.556369315706072065e+00 3.696822620594757414e+00 1.047197539576425918e+00 1.047197540080354150e+00 -1.056969802984682572e+00 -1.949341672210044840e-01 9.746662380471088349e-02 5.627048135573568810e-02 7.524656791597673922e-03 -3.762396901510233534e-03 -2.171747722543384846e-03 4.907980661093124475e+00
1.000000000000000000e+01 3.515790937885987510e-01 3.785774435649935654e-01 2.714241190669022252e-01 1.889897684536698597e+00 -1.471360598007781517e+00 3.623262525159541170e+00 1.047197527527080396e+00 1.047197536065999524e+00 -1.058786257766520356e+00 -1.196875993050277587e-01 5.984265478960855422e-02 3.455300413030186479e-02 8.030392609293227763e-03 -4.014981851070007803e-03 -2.318581677318709913e-03 4.723135734616990433e+00
1.000000000000000000e+01 3.370632622371552145e-01 3.602529058605736800e-01 2.355639162019844690e-01 1.808090574834068764e+00 -1.389553488478631360e+00 3.548778205596057500e+00 1.047197527573344056e+00 1.047197534542588349e+00 -1.059704655268424833e+00 -3.938367321209547411e-02 1.969283627890848834e-02 1.136718735711479168e-02 5.461018117762394229e-03 -2.730678987700147203e-03 -1.576126344127026313e-03 4.534542215873742954e+00
1.000000000000000000e+01 3.233672092061605774e-01 3.427138925098720534e-01 2.004532715331972526e-01 1.729550000316066649e+00 -1.311012914487597714e+00 3.473350918087177774e+00 1.047197527821111862e+00 1.047197537293381497e+00 -1.059844126220161664e+00 1.522650796552846991e-02 -7.613953598092992360e-03 -4.394076084155471885e-03 2.242950280151728704e-03 -1.121386171445003634e-03 -6.476968074329450629e-04 4.343429835563401120e+00
1.000000000000000000e+01 3.104465160442688720e-01 3.259366970096118088e-01 1.661016777671653344e-01 1.654319589557557313e+00 -1.235782503953922529e+00 3.396968068818595032e+00 1.047197527249524196e+00 1.047197532777194073e+00 -1.059538807796510440e+00 3.765601076704574307e-02 -1.882781531254302393e-02 -1.087104415848492121e-02 -2.147251908235120769e-04 1.073082128242384942e-04 6.210067357802292619e-05 4.150965325407551809e+00
1.000000000000000000e+01 2.982633551114437509e-01 3.098916528811224147e-01 1.325187242045089420e-01 1.582422761825663438e+00 -1.163885676559504478e+00 3.319622896965455094e+00 1.047197525032330656e+00 1.047197533366633238e+00 -1.059116388278356080e+00 3.550875885881060734e-02 -1.775473318430063896e-02 -1.025003742270469073e-02 -1.465314168631223898e-03 7.326802734990408910e-04 4.229438775906563469e-04 3.958249069748413618e+00
1.000000000000000000e+01 2.867845518081293399e-01 2.945452212511532331e-01 9.971404030132413610e-02 1.513863877627262378e+00 -1.095326792652181025e+00 3.241314143916864676e+00 1.047197523027120214e+00 1.047197530624031980e+00 -1.058790966363638120e+00 2.085561717249836619e-02 -1.042793044931022810e-02 -6.020598646798132683e-03 -1.685735623398823720e-03 8.428521935578048210e-04 4.866584033982899256e-04 3.766312458020299569e+00
1.000000000000000000e+01 2.759791150119115244e-01 2.798623444543943961e-01 6.769724239011543077e-02 1.448629433072906592e+00 -1.030092348418348847e+00 3.162045707853477605e+00 1.047197520394701709e+00 1.047197529261249871e+00 -1.058647469720984002e+00 3.998260938510133332e-03 -1.999408513732178153e-03 -1.154014612815233319e-03 -1.305200199754800441e-03 6.526022992134994198e-04 3.767684250448643038e-04 3.576115914027530707e+00
1.000000000000000000e+01 2.658164331147299109e-01 2.658081576034301285e-01 3.647788382694905351e-02 1.386689289336115349e+00 -9.681522050008659619e-01 3.081826289140729536e+00 1.047197517529074640e+00 1.047197526784990007e+00 -1.058676654507631598e+00 -9.053741059037870645e-03 4.526614478402815611e-03 2.613669637633409502e-03 -7.376682501700139623e-04 3.688332187754651890e-04 2.129446117171010587e-04 3.388547557544946631e+00
1.000000000000000000e+01 2.562654446896397431e-01 2.523488692368078823e-01 6.065408734424515558e-03 1.327997924860689904e+00 -9.094608408615699746e-01 3.000669028708918162e+00 1.047197514222265369e+00 1.047197524875259633e+00 -1.058823783741528413e+00 -1.643042356073801114e-02 8.214946666157466743e-03 4.743115754804418625e-03 -2.534082641180675829e-04 1.267026097901386794e-04 7.317964725858480842e-05 3.204422442265558058e+00
1.000000000000000000e+01 2.472945894955329571e-01 2.394520092231027242e-01 -2.353089049556666978e-02 1.272495700958010012e+00 -8.539586173009124925e-01 2.918591142751905565e+00 1.047197511816904347e+00 1.047197521818704846e+00 -1.059028133747599743e+00 -1.896450620191868913e-02 9.481972764058856085e-03 5.474912227390267387e-03 3.811861506281839497e-05 -1.907324696970907606e-05 -1.105759021062011417e-05 3.024482317924835240e+00
1.000000000000000000e+01 2.388721757154814718e-01 2.270863496411235083e-01 -5.230191231033076704e-02 1.220110131478152615e+00 -8.015730481348857239e-01 2.835613556228516963e+00 1.047197507093219793e+00 1.047197519532801602e+00 -1.059244910764053582e+00 -1.858332005129049308e-02 9.291240294361763352e-03 5.364336325284066107e-03 1.443111609472623751e-04 -7.215003392372986530e-05 -4.157879959779285845e-05 2.849395873434585447e+00
1.000000000000000000e+01 2.309668730477745235e-01 2.152217360586097250e-01 -8.023878103767945191e-02 1.170757148180568752e+00 -7.522200652323879355e-01 2.751760537564368558e+00 1.047197502889544385e+00 1.047197515887750452e+00 -1.059451155767300534e+00 -1.714020844181786407e-02 8.569739955124467193e-03 4.948548329306135841e-03 1.287258673960265580e-04 -6.436388565353407887e-05 -3.727048289533079210e-05 2.679759420243920776e+00
1.000000000000000000e+01 2.235481182084542162e-01 2.038289769074634883e-01 -1.073328786028397985e-01 1.124342354497409602e+00 -7.058052718963907513e-01 2.667059336691499194e+00 1.047197497718624026e+00 1.047197513668774560e+00 -1.059641635856566566e+00 -1.585294976785759161e-02 7.926101098589127814e-03 4.575843500352828191e-03 6.282829581930306976e-05 -3.144067696688543915e-05 -1.802456554983997679e-05 2.516097986796472785e+00
1.000000000000000000e+01 2.165863900537763342e-01 1.928798176768653505e-01 -1.335758725586311257e-01 1.080762259957765092e+00 -6.622251778437776570e-01 2.581539828709838780e+00 1.047197490568338107e+00 1.047197510681907584e+00 -1.059821054291173681e+00 -1.522466680966456411e-02 7.611694328920275143e-03 4.395597844854429691e-03 -1.648314234369876128e-06 8.798565105796279656e-07 3.319689952995847882e-07 2.358866792989930516e+00
1.000000000000000000e+01 2.100533569138605117e-01 1.823469882659440877e-01 -1.589597405931870711e-01 1.039905489614780354e+00 -6.213684080034710400e-01 2.495234164832595081e+00 1.047197484242526899e+00 1.047197509786916836e+00 -1.059996941466547771e+00 -1.524114995200826286e-02 7.620492894026069733e-03 4.398917534807428829e-03 -3.950870132677616252e-05 1.938846728825513636e-05 1.175704167918060388e-05 2.208453067587155871e+00
1.000000000000000000e+01 2.039219404904444310e-01 1.722042868897051271e-01 -1.834767915634181179e-01 1.001653961451739461e+00 -5.831168804771468261e-01 2.408176432504019360e+00 1.047197463657899563e+00 1.047197492131501484e+00 -1.060175188389316014e+00 -1.563623696527602358e-02 7.814377566908621564e-03 4.516487951599237362e-03 -4.692109536107213417e-05 2.422525958288829201e-05 1.303959450168196985e-05 2.065178190236698352e+00
1.000000000000000000e+01 1.981663409212632843e-01 1.624266671870429057e-01 -2.071196832845569880e-01 9.658840272873494559e-01 -5.473469468453727726e-01 2.320402326267444693e+00 1.047197466331552640e+00 1.047197491095379851e+00 -1.060358452199457790e+00 -1.610544791888673249e-02 8.056630162737504416e-03 4.646883896616056664e-03 -3.334880086861570075e-05 1.608014686437889918e-05 9.870820431797933521e-06 1.929300099714354344e+00
1.000000000000000000e+01 1.927620492739308133e-01 1.529903135645178658e-01 -2.298814369363224586e-01 9.324675702755004236e-01 -5.139304903868383567e-01 2.231948828883168812e+00 1.047197470471292080e+00 1.047197505642949888e+00 -1.060546352081923160e+00 -1.643893592757288483e-02 8.217431631381290000e-03 4.745592100934032699e-03 -9.531645268933672377e-06 4.791962672446063791e-06 2.992428381139202102e-06 1.801015943891073556e+00
1.000000000000000000e+01 1.876858635738467562e-01 1.438726938459722327e-01 -2.517554484864334974e-01 9.012730600537021131e-01 -4.827359808323865575e-01 2.142853910875913481e+00 1.047197452989895972e+00 1.047197484999722983e+00 -1.060736702696229328e+00 -1.653425238026223071e-02 8.265351258105752691e-03 4.775516384745426106e-03 1.391358955648627726e-05 -7.051296288565162218e-06 -4.234353905210926066e-06 1.680464954095574504e+00
1.000000000000000000e+01 1.829159090335235049e-01 1.350525929955446180e-01 -2.727354970382567245e-01 8.721665545725417745e-01 -4.536294758126626081e-01 2.053156238344722606e+00 1.047197431369277565e+00 1.047197461651604655e+00 -1.060926795535410028e+00 -1.639511648469738417e-02 8.194838295220101265e-03 4.733172845693316491e-03 3.225809123803246437e-05 -1.582849382656975628e-05 -9.415630446741336592e-06 1.567731477676614471e+00
1.000000000000000000e+01 1.784316596753292572e-01 1.265101294815202948e-01 -2.928157504878554640e-01 8.450126503196766503e-01 -4.264755721733037852e-01 1.962894898804893096e+00 1.047197411281896029e+00 1.047197457372734952e+00 -1.061114224417947227e+00 -1.607253557231707458e-02 8.036553356954407104e-03 4.639016541225905385e-03 4.338210679629556766e-05 -2.189127811476892715e-05 -1.237978759333302099e-05 1.462848156917432751e+00
1.000000000000000000e+01 1.742139549254373421e-01 1.182267613269125661e-01 -3.119907684201241871e-01 8.196753783767861679e-01 -4.011383009637607411e-01 1.872109142601825038e+00 1.047197400452820615e+00 1.047197453869479045e+00 -1.061297296898654485e+00 -1.563871450435412244e-02 7.817640575806717243e-03 4.515218665292575033e-03 4.876468318248411849e-05 -2.436051219977576767e-05 -1.409894908909691783e-05 1.365799215786724252e+00
1.000000000000000000e+01 1.702450075989587752e-01 1.101852839077088753e-01 -3.302555025318465454e-01 7.960190434528241488e-01 -3.774819668066256018e-01 1.780838141809283126e+00 1.047197381513419900e+00 1.047197440635530219e+00 -1.061475039916034424e+00 -1.515106767252927603e-02 7.574035453808958956e-03 4.374229174401605448e-03 5.088060523539058043e-05 -2.354236557615648401e-05 -1.534947342926953036e-05 1.276523885042918360e+00
1.000000000000000000e+01 1.665084026615692991e-01 1.023698208533105891e-01 -3.476052947189605113e-01 7.739090023449881617e-01 -3.553719263296776232e-01 1.689120763775942224e+00 1.047197476974954355e+00 1.047197504981918659e+00 -1.061647162006375211e+00 -1.464226162017536782e-02 7.338611798047393019e-03 4.220734440108909677e-03 4.854503426662744200e-05 -2.737099959286357081e-05 -1.296474007553230382e-05 1.194919676930670249e+00
1.000000000000000000e+01 1.629890855733915345e-01 9.476580933365941206e-02 -3.640358729805601712e-01 7.532123866499386144e-01 -3.346753108222472184e-01 1.596995362702445131e+00 1.047197499198152970e+00 1.047197522525356694e+00 -1.061813459179751895e+00 -1.415681127750908867e-02 7.064901802118755264e-03 4.091087039353588292e-03 4.738776667306762058e-05 -2.365763059099434265e-05 -1.383306648753020773e-05 1.120845931179347499e+00
1.000000000000000000e+01 1.596733393912566079e-01 8.735998074431527982e-02 -3.795433453397922818e-01 7.337987665294410933e-01 -3.152616913411735999e-01 1.504499594439936638e+00 1.047197330516991709e+00 1.047197424740789806e+00 -1.061973997238498502e+00 -1.368293361077840657e-02 6.828325496208815029e-03 3.952756374478286899e-03 4.584152072717702576e-05 -2.096972569952379787e-05 -1.366730303493116978e-05 1.054127401772568140e+00
1.000000000000000000e+01 1.565487607716793406e-01 8.014033240815354731e-02 -3.941241920379319197e-01 7.155407459135925130e-01 -2.970036719316871410e-01 1.411670235194426359e+00 1.047197285427464708e+00 1.047197402083075879e+00 -1.062129295419523833e+00 -1.322451840350663543e-02 6.618628239213578297e-03 3.816083344128975378e-03 4.227512805320871351e-05 -2.249731435445711226e-05 -1.191121584638221226e-05 9.945575318736543657e-01
1.000000000000000000e+01 1.536042244880371221e-01 7.309609696008001478e-02 -4.077752558738816369e-01 6.983145055731667661e-01 -2.797774327132678818e-01 1.318543026288680142e+00 1.047197278561816436e+00 1.047197400329967554e+00 -1.062279550320752719e+00 -1.280176712297454236e-02 6.393655095669005528e-03 3.696971185665153675e-03 3.979825107773106235e-05 -1.946829076677297790e-05 -1.168371651474072610e-05 9.419019056256525690e-01
1.000000000000000000e+01 1.508298419190881035e-01 6.621770643420710201e-02 -4.204937312119225723e-01 6.820002875959025879e-01 -2.634632160925510225e-01 1.225152539738006752e+00 1.047197206248841939e+00 1.047197371131104671e+00 -1.062424991143584352e+00 -1.240378461219723144e-02 6.198972188001273913e-03 3.580134020517746363e-03 3.594948945517886525e-05 -1.776458993242519406e-05 -1.029705152894212890e-05 8.959016066848386473e-01
1.000000000000000000e+01 1.482169188515527480e-01 5.949675023921852102e-02 -4.322771516614261067e-01 6.664828182346995700e-01 -2.479457483258881156e-01 1.131532052014390999e+00 1.047197177058524442e+00 1.047197362908175222e+00 -1.062566108464363612e+00 -1.204428971764543929e-02 6.021326288677020244e-03 3.477163505228325017e-03 3.087795435747153153e-05 -1.604567582551952621e-05 -8.904374545649642212e-06 8.562764843717650676e-01
1.000000000000000000e+01 1.457579074948500697e-01 5.292592997043854552e-02 -4.431233765907593991e-01 6.516516761588111439e-01 -2.331146079449437081e-01 1.037713438825555778e+00 1.047197122021993776e+00 1.047197340876168781e+00 -1.062703337658346348e+00 -1.173551017407072072e-02 5.860869530421824840e-03 3.388119759771828984e-03 2.562504138325735504e-05 -1.239052713486771639e-05 -7.474747948758133936e-06 8.227283421116396989e-01
1.000000000000000000e+01 1.434463551621134592e-01 4.649901075005269391e-02 -4.530305766735898132e-01 6.374016051100562796e-01 -2.188645389124714014e-01 9.437270854777047857e-01 1.047197050177606004e+00 1.047197317180388998e+00 -1.062837285245646912e+00 -1.147925976023814708e-02 5.736964259073147263e-03 3.313372280284246959e-03 2.138376437860593803e-05 -6.201625106802255677e-06 -6.856086354697262845e-06 7.949440769643140170e-01
1.000000000000000000e+01 1.412768516878397662e-01 4.021076912863064123e-02 -4.619972186034626560e-01 6.236327713084972579e-01 -2.050957069059168858e-01 8.496018100207024526e-01 1.047197313830403820e+00 1.047197449220731880e+00 -1.062968906175411066e+00 -1.126542211645208472e-02 5.674948008005126047e-03 3.244811416737273385e-03 7.875789964393075445e-06 -1.788251366479606434e-05 -5.608266143135716757e-07 7.726028374973215040e-01
1.000000000000000000e+01 1.392449721417734487e-01 3.405693998952008528e-02 -4.700220492320172916e-01 6.102508984967306427e-01 -1.917138354787617793e-01 7.553648269218125044e-01 1.047196913002728991e+00 1.047197300307789236e+00 -1.063098070526311778e+00 -1.118666421680814850e-02 5.496122871357166095e-03 3.239203150594138682e-03 2.862006890172862235e-04 -1.258401875771459559e-04 -8.636463269588492953e-05 7.558560608592355123e-01
1.000000000000000000e+01 1.373472250598930522e-01 2.803421408925554914e-02 -4.771040914226984953e-01 5.971590900042270667e-01 -1.786220315405503134e-01 6.610441155240369682e-01 1.047196672778949678e+00 1.047197322348974780e+00 -1.063210441740550127e+00 -8.324657326635283988e-03 4.237720995585705398e-03 2.375556823635289767e-03 -2.574059564675006042e-03 1.275505622784443285e-03 7.516289001742663522e-04 7.452004894135041413e-01
1.000000000000000000e+01 1.355813563995851290e-01 2.214021962061307747e-02 -4.832426604492527922e-01 5.842518399624317960e-01 -1.657147848976778248e-01 5.666701227386756745e-01 1.047197071300295601e+00 1.047197279248417656e+00 -1.063455640878131936e+00 -3.406525297338533487e-02 1.699277722343013608e-02 9.891845825377951554e-03 -3.058873420278552385e-02 5.456549239119169335e-04 3.026395494875498628e-04 7.403601381066376996e-01
1.000000000000000000e+01 1.339471912633740658e-01 1.637331745308934217e-02 -4.884373783029722915e-01 5.714284292829189260e-01 -1.528950184240312482e-01 4.722750814480391468e-01 1.045721566727739305e+00 1.047197233952985140e+00 -1.063911269452121555e+00 -3.399525950012405318e-01 2.244932646254929262e-02 1.291824132025345268e-02 -5.982037544165896836e-02 -7.318099496036503107e-04 -3.876404335945689630e-04 7.411211115956036766e-01
1.000000000000000000e+01 1.324447480318853287e-01 1.073309260601451598e-02 -4.926882522442368462e-01 5.585918373346928645e-01 -1.400879843221999044e-01 3.779061489196141599e-01 1.039707971919215934e+00 1.047196918218360695e+00 -1.064346535061394317e+00 -9.381563494178303264e-01 1.513122696651278583e-02 9.041836984307766514e-03 -7.646462569298898004e-02 -1.233690391540275422e-03 -7.432289367056994084e-04 7.474966404526323105e-01
1.000000000000000000e+01 1.310733037458278183e-01 5.220470987065350954e-03 -4.959958614711896807e-01 5.456448220404142013e-01 -1.272419477160128820e-01 2.836296556584224637e-01 1.026683750644733717e+00 1.047196844783599090e+00 -1.064555044756994917e+00 -1.702802606347719294e+00 2.794323051110035074e-03 1.609547617250770479e-03 -7.370958120795065294e-02 -1.050643878393162436e-03 -6.404582301933771631e-04 7.596401771264517100e-01
1.000000000000000000e+01 1.298319612490188568e-01 -1.625378269665134212e-04 -4.983615234365141866e-01 5.324874711640005254e-01 -1.143207129875339900e-01 1.895251133266871724e-01 1.005919515467543324e+00 1.047197244710347475e+00 -1.064496467978984562e+00 -2.439898418427226101e+00 -7.712115732821588424e-03 -4.795034684682998767e-03 -5.098002783263731047e-02 -5.489754496295626892e-04 -4.125615980832213312e-04 7.778492961985365994e-01
1.000000000000000000e+01 1.287203990240901597e-01 -5.413030542931629441e-03 -4.997873759786193304e-01 5.190147287054485137e-01 -1.012914582133469382e-01 9.567492209561824501e-02 9.787549229526069094e-01 1.047197393022663903e+00 -1.064246353022693548e+00 -2.949698696753601190e+00 -1.320187022911721228e-02 -8.920650665515214572e-03 -1.918916331645675183e-02 -1.962528025467216285e-04 -1.888230839578685890e-04 8.026321899196035003e-01
1.000000000000000000e+01 1.277392540226038875e-01 -1.052719542667857056e-02 -5.002763545981117055e-01 5.051127319364188129e-01 -8.810927097626665427e-02 2.154687196627750722e-03 9.479992331409829998e-01 1.047197404042095936e+00 -1.063900816167225427e+00 -3.141590329918167779e+00 -1.516439825458443073e-02 -1.080888150509390876e-02 6.103873397515961673e-08 -1.302142342080200269e-04 -1.176243311648418843e-04 8.347355423099535043e-01
1.000000000000000000e+01 1.268901796337393861e-01 -1.550014381602515812e-02 -4.998321024450294026e-01 4.906546981082980929e-01 -7.470584268071597811e-02 -9.096940910548453885e-02 9.162457264607499763e-01 1.047194582532396501e+00 -1.063510981566240021e+00 -3.141589719530829772e+00 -1.646654059666462569e-02 -1.198512481674233326e-02 2.598381529918463016e-08 3.253590364295914396e-04 3.018940054481991224e-05 8.749563201446749483e-01
1.000000000000000000e+01 1.261758548929354795e-01 -2.032571370155356050e-02 -4.984589063097422112e-01 4.755000420729263988e-01 -6.099486453034044103e-02 -1.836333194118112688e-01 8.845010117723980381e-01 1.047195179981805779e+00 -1.063131293526704990e+00 -3.141589459692677444e+00 -1.321295023236871910e-02 -1.168323081129413535e-02 -4.438039749125666487e-08 -7.052920316318984743e-03 8.016832807546420137e-03 9.242763929760414721e-01
1.000000000000000000e+01 1.256001148348104834e-01 -2.499630317670931134e-02 -4.961617372720454888e-01 4.594927499340906163e-01 -4.688272313005369119e-02 -2.757620925375482979e-01 8.527668296386180513e-01 1.046665219346941900e+00 -1.062763731480485196e+00 -3.141589903496651903e+00 -8.374215339555857174e-02 6.848509726417006949e-02 -5.225238168134410716e-08 -3.053533746575557914e-02 3.083875869948232706e-02 9.836772458666191987e-01
1.000000000000000000e+01 1.251674101661635063e-01 -2.950268585748450079e-02 -4.929464353937125232e-01 4.424725940738557517e-01 -3.227494034030053277e-02 -3.672531763885253930e-01 8.209155188864382113e-01 1.043427802704573581e+00 -1.062260415262654023e+00 -3.141590426020469895e+00 -3.890955280531143146e-01 3.768726842589932846e-01 -4.080600631561115663e-08 -5.971588854237854654e-02 5.371764639787245110e-02 1.054018273419131679e+00
1.000000000000000000e+01 1.248822729554448507e-01 -3.383409628054101503e-02 -4.888201241260792251e-01 4.242994161521207452e-01 -1.708235286227191216e-02 -4.579479385182651519e-01 7.887173191759180302e-01 1.034007550618631033e+00 -1.061352739687565050e+00 -3.141590834080533856e+00 -9.862544134768999049e-01 9.140491482377175458e-01 -1.790173431134736631e-08 -8.093708091339348043e-02 6.273495639097151355e-02 1.136151066864392600e+00
1.000000000000000000e+01 1.247488731443877619e-01 -3.797864256790006721e-02 -4.837919079700769842e-01 4.048710316744994486e-01 -1.226455109998185466e-03 -5.476072042150144092e-01 7.558460288416946060e-01 1.015474991637023594e+00 -1.059649634069777191e+00 -3.141591013097877472e+00 -1.795625222610834459e+00 1.541398712147431516e+00 -2.940846402840893253e-08 -7.893373852852350603e-02 5.321110671534809433e-02 1.230927881047807038e+00
1.000000000000000000e+01 1.247713178233627040e-01 -4.192393870604238515e-02 -4.778737190828494796e-01 3.841282942168723347e-01 1.535663510209286584e-02 -6.359081019432542003e-01 7.222899211107610684e-01 9.871091229482590323e-01 -1.057108506328951147e+00 -3.141591307182517667e+00 -2.584962607896069908e+00 2.073509779300912736e+00 -2.031854753735141122e-08 -4.894057791387831230e-02 3.189884872143702171e-02 1.339232415969831225e+00
1.000000000000000000e+01 1.249565515671724469e-01 -4.565755167536256209e-02 -4.710810289767186632e-01 3.620415006832918281e-01 3.272418886704143298e-02 -7.224743157901619695e-01 6.889247601241285102e-01 9.510877627844065429e-01 -1.054746575707996570e+00 -3.141591510367995888e+00 -3.074368387034854599e+00 2.392498266515282968e+00 -1.576487169604771748e-08 -6.722315693949746165e-03 8.642488280163356310e-03 1.461836186864002629e+00
1.000000000000000000e+01 1.253175382408731053e-01 -4.916654770258910290e-02 -4.634331095456141192e-01 3.385812151441412454e-01 5.094365021687625311e-02 -8.069310878291764411e-01 6.570681540264363685e-01 9.116044169053980628e-01 -1.054203659061400566e+00 -3.141591668016713967e+00 -3.141591543974354028e+00 2.478923149316915708e+00 -2.990473417236367744e-08 5.002396137699630179e-08 -9.029153855438877552e-03 1.599347312722292802e+00
1.000000000000000000e+01 1.258707427945706669e-01 -5.243656807629726302e-02 -4.549528007651786332e-01 3.136927042002972676e-01 7.008998290594742331e-02 -8.889373238745954531e-01 6.265022741263377437e-01 8.718698813304068818e-01 -1.055298082400331072e+00 -3.141591967064056856e+00 -3.141591043734738076e+00 2.388631610762526947e+00 7.441029069536065921e-09 -1.446277813668256068e-08 -1.848947966805642926e-02 1.752187348274726331e+00
1.000000000000000000e+01 1.266281555584405361e-01 -5.545242099753444620e-02 -4.456663376953855504e-01 2.873129678026026257e-01 9.020118823178520373e-02 -9.681477836321416008e-01 5.959710630951815524e-01 8.329624415778756896e-01 -1.056471805691013621e+00 -3.141591892653764706e+00 -3.141591188362522047e+00 2.203736814081962425e+00 -1.162648709971920438e-08 -1.939413492673623083e-08 -2.091341631754134456e-02 1.920572121676300981e+00
1.000000000000000000e+01 1.275979094367221123e-01 -5.819895424701160280e-02 -4.356035148517722888e-01 2.593887009964720991e-01 1.112663982778741428e-01 -1.044194771665989174e+00 5.648986280978095520e-01 7.951770809616162117e-01 -1.056941743624122854e+00 -3.141592008918634438e+00 -3.141591382303871693e+00 1.994602650906550423e+00 -7.107122458934963146e-09 -1.846458314432703211e-08 -1.912295865041345813e-02 2.104487842564269684e+00
1.000000000000000000e+01 1.287871542885712373e-01 -6.066123875926177078e-02 -4.247979049823347175e-01 2.298872413285826533e-01 1.332340402434697146e-01 -1.116690590654561444e+00 5.332869152139726454e-01 7.584655211839184119e-01 -1.056660384097673377e+00 -3.141592079989859343e+00 -3.141591566949704983e+00 1.803373064402415737e+00 -5.997442888541375943e-09 -1.246057515998683206e-08 -1.583659786361860805e-02 2.303682562465442007e+00
1.000000000000000000e+01 1.302033202377921306e-01 -6.282444275829002223e-02 -4.132870298984596680e-01 1.988055137376973647e-01 1.560197614864786697e-01 -1.185233573397025841e+00 5.013659346334052858e-01 7.226312945880948302e-01 -1.055910765290178022e+00 -3.141592139964289654e+00 -3.141591691555458254e+00 1.645007085766229782e+00 -4.836370205469034467e-09 -1.016260603103904578e-08 -1.282271892217342994e-02 2.517670964580119186e+00
1.000000000000000000e+01 1.318540269782197960e-01 -6.467376762337506690e-02 -4.011124647318351499e-01 1.661764362017915386e-01 1.795103347508210656e-01 -1.249414891660020288e+00 4.693755339458236531e-01 6.874668832681409825e-01 -1.055024274268445028e+00 -3.141592188327992474e+00 -3.141591793181518266e+00 1.516779896544495410e+00 -3.955420489241379308e-09 -8.585839836571355705e-09 -1.080851107260666702e-02 2.745746691833732989e+00
1.000000000000000000e+01 1.337463758587817964e-01 -6.619459884022393936e-02 -3.883198737269837331e-01 1.320722593594389482e-01 2.035640226579275291e-01 -1.308825990135913164e+00 4.374730354360789053e-01 6.528168800625214763e-01 -1.054241483261699086e+00 -3.141592227882198607e+00 -3.141591879039915103e+00 1.408694785818428663e+00 -3.199875318918952854e-09 -6.670188896571320811e-09 -9.788735172755783434e-03 2.986997909854106847e+00
1.000000000000000000e+01 1.358861440000280751e-01 -6.737286038356726792e-02 -3.749589676762412616e-01 9.660539803445993001e-02 2.280090059876519748e-01 -1.363066485866891275e+00 4.057243908202244898e-01 6.185865671871756399e-01 -1.053682034408977009e+00 -3.141592259880953364e+00 -3.141591945741803560e+00 1.310807434090870638e+00 -2.563205549377591785e-09 -5.241231344159907718e-09 -9.421036110182157489e-03 3.240323847117780431e+00
1.000000000000000000e+01 1.382771202218004980e-01 -6.819548362271365960e-02 -3.610833813363711897e-01 5.992772457140651404e-02 2.526416429653374762e-01 -1.411752369636653182e+00 3.741332605937375266e-01 5.847243417254588405e-01 -1.053373474995483727e+00 -3.141592285513007177e+00 -3.141591998154118048e+00 1.216597072989049400e+00 -2.011573942468325650e-09 -4.067258360687820127e-09 -9.327665545916777670e-03 3.504451627688883075e+00
1.000000000000000000e+01 1.409206246948762065e-01 -6.865089258211698464e-02 -3.467504681160265001e-01 2.222913660137164696e-02 2.772258423067628930e-01 -1.454524329537758343e+00 3.426755010118595624e-01 5.511997658503198227e-01 -1.053296639982959082e+00 -3.141592305628746029e+00 -3.141592038826701128e+00 1.123320417529882320e+00 -1.519010883038173490e-09 -3.065373708443990464e-09 -9.249822593021166453e-03 3.777953472558194470e+00
1.000000000000000000e+01 1.438151598475525539e-01 -6.872944169726125097e-02 -3.320210117668085381e-01 -1.626418085061579269e-02 3.014940821118836656e-01 -1.491056006584799087e+00 3.113232501441985378e-01 5.179880506851509692e-01 -1.053422509132516449e+00 -3.141592320818856532e+00 -3.141592069480436233e+00 1.030822191599671367e+00 -1.064896258238999271e-09 -2.190736140085588787e-09 -9.079338488981061536e-03 4.059264442944700235e+00
1.000000000000000000e+01 1.469561275282691426e-01 -6.842378585161723592e-02 -3.169588567776417953e-01 -5.529174548439713677e-02 3.251499698023964102e-01 -1.521061991266811741e+00 2.800556343437564655e-01 4.850630903819898587e-01 -1.053731909171301995e+00 -3.141592331467817800e+00 -3.141592091387797492e+00 9.400288067098607758e-01 -6.309156782926279924e-10 -1.391522532107011484e-09 -8.821195248596157973e-03 4.346700659234288722e+00
1.000000000000000000e+01 1.503355744324506027e-01 -6.772919375167862910e-02 -3.016304609518174473e-01 -9.456116748323205312e-02 3.478719005008983345e-01 -1.544305380098451419e+00 2.488597479635165366e-01 4.523966610493457274e-01 -1.054219989750349029e+00 -3.141592337776977661e+00 -3.141592105303025129e+00 8.518168542238987451e-01 -4.930686930954131571e-09 -1.122176159057720475e-08 -8.535799834588067223e-03 4.638477636420845762e+00
1.000000000000000000e+01 1.539419598481770457e-01 -6.664382740776675362e-02 -2.861043753552290347e-01 -1.337511088469814924e-01 3.693173277896895645e-01 -1.560604731317527305e+00 2.177271110046637426e-01 4.199603572142556196e-01 -1.054891668112144743e+00 -3.141592387083849580e+00 -3.141592217520642549e+00 7.664588558780178751e-01 -2.000216088566089956e-09 2.030256868473099338e-09 -8.291188510451411725e-03 4.932728230777679634e+00
1.000000000000000000e+01 1.577599594677736583e-01 -6.516900638372336019e-02 -2.704506583852057666e-01 -1.725148919920633794e-01 3.891272982374026634e-01 -1.569840284681591314e+00 1.866495952257074820e-01 3.877276867441039054e-01 -1.055754143753124152e+00 -3.141592407086012617e+00 -3.141592197218074922e+00 6.835469707735039036e-01 -1.951571274800298527e-08 -3.485100973241596774e-08 -8.136211478303748135e-03 5.227519636641860146e+00
1.000000000000000000e+01 1.617703239678940363e-01 -6.330946372311130332e-02 -2.547402318219038619e-01 -2.104847176264511288e-01 4.069310887270620736e-01 -1.571959337763140452e+00 1.556168212042615684e-01 3.556750949325526157e-01 -1.056810483308995074e+00 -3.141592602243139076e+00 -3.141592545728174368e+00 6.021848559904662279e-01 3.600219906917456124e-08 5.820232547241458885e-08 -8.092989592252741726e-03 5.520868739693698402e+00
1.000000000000000000e+01 1.659498063311404259e-01 -6.107358878414581582e-02 -2.390441875220692403e-01 -2.472763607317045587e-01 4.223509321504306246e-01 -1.566980700949035743e+00 1.246154251535949442e-01 3.237817772487615597e-01 -1.058055934505108597e+00 -3.141592242221149078e+00 -3.141591963704918999e+00 5.212549600679388107e-01 -8.695541257175875283e-09 -1.380703458346149668e-08 -8.161233264881545893e-03 5.810756099118006723e+00
1.000000000000000000e+01 1.702711624640853572e-01 -5.847364620553774373e-02 -2.234330551461956027e-01 -2.824941811342303599e-01 4.350068915854507501e-01 -1.554998173708660003e+00 9.362970433691000793e-02 2.920286559328951759e-01 -1.059476943723131059e+00 -3.141592329176563503e+00 -3.141592101775265267e+00 4.396426274191235217e-01 -2.277413176031880099e-08 -3.766457179317820105e-08 -8.327075622998997631e-03 6.095137658151930538e+00
1.000000000000000000e+01 1.747032262357968158e-01 -5.552595531284110209e-02 -2.079760391129017449e-01 -3.157362894562099065e-01 4.445219482080002837e-01 -1.536183000400344945e+00 6.264294299079188610e-02 2.603970347900804172e-01 -1.061052053891220481e+00 -3.141592556917881751e+00 -3.141592478420982548e+00 3.563718711891335489e-01 4.152646995320579223e-08 6.697419558248225108e-08 -8.570774604651842238e-03 6.371939293765343848e+00
1.000000000000000000e+01 1.792110516821723287e-01 -5.225102010430715538e-02 -1.927402353954397185e-01 -3.465996735353980562e-01 4.505273264565120006e-01 -1.510785594286961686e+00 3.163885443924613350e-02 2.288673213187683020e-01 -1.062753748214398941e+00 -3.141592141653180459e+00 -3.141591808679025100e+00 2.706641251426151196e-01 -2.880903202227475003e-09 -5.400608841010709066e-09 -8.887480508195941611e-03 6.638725594436142963e+00
1.000000000000000000e+01 1.837561176519857398e-01 -4.867360841022305706e-02 -1.777898029016578008e-01 -3.746838925400308162e-01 4.526680007548011808e-01 -1.479142863574890887e+00 6.026232213464041438e-04 1.974179756422640153e-01 -1.064549755637539175e+00 -3.141592170462212952e+00 -3.141591862685112257e+00 1.817893200606555404e-01 1.070468465029814415e-08 1.457294777317700511e-08 -9.449236756208807125e-03 6.892721321320007810e+00
1.000000000000000000e+01 1.882966097064602273e-01 -4.482279369533470614e-02 -1.631850671304908573e-01 -3.995958185134720897e-01 4.506094089290819671e-01 -1.441684419780383530e+00 -3.047996706534706821e-02 1.660244700212128444e-01 -1.066394596431636588e+00 -3.141592063415367342e+00 -3.141591716955634439e+00 8.729695249856743444e-02 -4.378485962821470013e-08 -6.856435484026170440e-08 -1.001401220317653558e-02 7.131757594078117712e+00
1.000000000000000000e+01 1.927878047199445000e-01 -4.073195135598695060e-02 -1.489816596523545478e-01 -4.209580494476296564e-01 4.440443543971688833e-01 -1.398919182204442002e+00 -6.162041399960728472e-02 1.346576535047992740e-01 -1.068233381410181204e+00 -3.141592501263964721e+00 -3.141592402599183487e+00 -1.284316953319792134e-02 1.240482469703646956e-08 1.836763314468813144e-08 -1.060421328694218478e-02 7.353926011815469899e+00
1.000000000000000000e+01 1.971824679972700167e-01 -3.643860375855290101e-02 -1.352297640766768616e-01 -4.384143930765561081e-01 4.326991065913929346e-01 -1.351427492114510853e+00 -9.282490326072849463e-02 1.032830584493137499e-01 -1.070012960788655931e+00 -3.141592377215716159e+00 -3.141592218922853341e+00 -1.188853024026197691e-01 8.506197043308248785e-08 1.278694259988164056e-07 -1.137867907838203616e-02 7.557598409640160497e+00
1.000000000000000000e+01 2.014312902140629191e-01 -3.198418756252996431e-02 -1.219734477995002564e-01 -4.516344269890821272e-01 4.163387605652968948e-01 -1.299851858271070970e+00 -1.240952540841105817e-01 7.185979126747234214e-02 -1.071672745337423738e+00 -3.141591526596013484e+00 -3.141590940228592199e+00 -2.326720931864400266e-01 -8.582817016563925218e-08 -1.311140060690231934e-07 -1.233458643545943048e-02 7.741573343990491907e+00
1.000000000000000000e+01 2.054833962962923088e-01 -2.741379189084947043e-02 -1.092501048752101411e-01 -4.603170295057757433e-01 3.947712499232085559e-01 -1.244883997735544146e+00 -1.554284355667795714e-01 4.033825483122527311e-02 -1.073137094810120207e+00 -3.141592384877713862e+00 -3.141592251368652722e+00 -3.560179575410343245e-01 1.691435390808438861e-07 2.496022941931397860e-07 -1.342441539617119338e-02 7.904977337985853225e+00
1.000000000000000000e+01 2.092868702448797968e-01 -2.277582635132935351e-02 -9.709002171656866409e-02 -4.641921823374967060e-01 3.678505587881681360e-01 -1.187253253024869837e+00 -1.868145341571864626e-01 8.658473864854004248e-03 -1.074318090093646871e+00 -3.141590693442323445e+00 -3.141589755345710167e+00 -4.902621115027464560e-01 9.268928439261898304e-09 1.053568056544699154e-08 -1.441407817323630235e-02 8.047271629090793965e+00
1.000000000000000000e+01 2.127892367598227530e-01 -1.812158849277833994e-02 -8.551606099042841080e-02 -4.630216636779331818e-01 3.354791024715459424e-01 -1.127714509030087076e+00 -2.182352539381415268e-01 -2.324881973817417846e-02 -1.075129504172797956e+00 -3.141590600753037865e+00 -3.141589649988902888e+00 -6.344028932351093442e-01 1.089669826521444434e-07 1.126849572887730225e-07 -1.485356284937532773e-02 8.168194591743645816e+00
1.000000000000000000e+01 2.159378022625957350e-01 -1.350469469640103171e-02 -7.454346183016902216e-02 -4.565995012376656281e-01 2.976092568235820801e-01 -1.067037078365864922e+00 -2.496653426912928131e-01 -5.545419909438868006e-02 -1.075519917201212650e+00 -3.141589511083209274e+00 -3.141588523139329236e+00 -7.829385217288624688e-01 -2.661570572299988934e-07 -2.785124586550771163e-07 -1.401444364455242328e-02 8.267779782997228821e+00
1.000000000000000000e+01 2.186797564174134401e-01 -8.980362585425893940e-03 -6.417975296881417435e-02 -4.447539572357490090e-01 2.542430178666589269e-01 -1.005993195353484637e+00 -2.810809949512086958e-01 -8.800976286448186636e-02 -1.075528821880865404e+00 -3.141592172653783432e+00 -3.141591308263917526e+00 -9.230829581743871248e-01 1.770199254403500082e-07 -2.556282795233376363e-08 -1.122521643722912930e-02 8.346320560765073893e+00
1.000000000000000000e+01 2.209619766212198577e-01 -4.604612419675024881e-03 -5.442477707965265310e-02 -4.273533312973563092e-01 2.054285628749627501e-01 -9.453472887244718237e-01 -3.124783700497250072e-01 -1.209173514664153293e-01 -1.075352060210160943e+00 -3.141590402454530917e+00 -3.141591563892197847e+00 -1.035335122546678921e+00 2.027646913743766377e-02 1.885564477620807651e-03 -6.159951391698791773e-03 8.404337469838340624e+00
1.000000000000000000e+01 2.227308412729644971e-01 -4.336044456416665582e-04 -4.527086599839247327e-02 -4.043220292751665834e-01 1.513062431715098410e-01 -8.858267501924702580e-01 -3.428803878513454473e-01 -1.540040994165502719e-01 -1.075344318532564847e+00 -2.938825711080153891e+00 -3.122735919115992242e+00 -1.096934636463666513e+00 5.695504604709997892e-02 1.936974568862395371e-02 1.101343357324844263e-03 8.442519017768399081e+00
1.000000000000000000e+01 2.239343313071500141e-01 3.476722392790065896e-03 -3.670373888301892151e-02 -3.757164678127834501e-01 9.235617294141537648e-02 -8.279997480658316533e-01 -3.694789047258134063e-01 -1.861697307271647228e-01 -1.075682237925154716e+00 -2.369275250609153449e+00 -2.929038462229755169e+00 -1.085921202890417936e+00 9.171377509608728829e-02 4.004411344157837727e-02 9.585363584060669143e-03 8.461736308284930175e+00
1.000000000000000000e+01 2.245282548501381648e-01 7.071968906419368039e-03 -2.870497399374194458e-02 -3.419124699830561886e-01 2.960901808354251749e-02 -7.721025321569027211e-01 -3.886819501002251598e-01 -2.153620047438867258e-01 -1.076163109631678161e+00 -1.452137499648279872e+00 -2.528597327813971951e+00 -9.900675670498118031e-01 1.136984997322890711e-01 5.726457495100940182e-02 1.768671928836456145e-02 8.462995220346398284e+00
1.000000000000000000e+01 2.244826658474208259e-01 1.030295838267569764e-02 -2.125582482600707479e-02 -3.036650960132459831e-01 -3.538052798625841711e-02 -7.179632982168197008e-01 -3.975825942231033805e-01 -2.395282877335227489e-01 -1.076450271107944223e+00 -3.151525023253896607e-01 -1.955951578303877669e+00 -8.132003741661661955e-01 1.176853169830165552e-01 6.822600584735402651e-02 2.369737863770790195e-02 8.447402804542885946e+00
1.000000000000000000e+01 2.237858415439912818e-01 1.313004462350519930e-02 -1.434106802883361453e-02 -2.620443269665527208e-01 -1.007340216225286744e-01 -6.650711819415340287e-01 -3.948088865214438581e-01 -2.571066290523434383e-01 -1.076286947824160345e+00 8.617006675047759190e-01 -1.273691519830338459e+00 -5.762265877890873078e-01 1.031505043204010708e-01 7.231473953790901188e-02 2.639542911785902612e-02 8.416134508542286952e+00
1.000000000000000000e+01 2.224452406518038217e-01 1.552631737359222441e-02 -7.951559088500648187e-03 -2.183150399277296039e-01 -1.645261050858879692e-01 -6.127557367463748461e-01 -3.808603476339113558e-01 -2.672306088199261076e-01 -1.075618590332590330e+00 1.893205710708786960e+00 -5.505441244512482291e-01 -3.122722966104971576e-01 7.423902116995413636e-02 7.025650147252701649e-02 2.549567383366327031e-02 8.370391876547799370e+00
1.000000000000000000e+01 2.204857898204806155e-01 1.747884247014663828e-02 -2.084755197244270164e-03 -1.738044388567250298e-01 -2.250660935596124623e-01 -5.603997105850859750e-01 -3.579437958208641635e-01 -2.697562839484395347e-01 -1.074593721906768717e+00 2.635595922408326963e+00 1.520208902740219636e-01 -5.731555827386465574e-02 3.963262337323286699e-02 6.317012586691485299e-02 2.152835891363151857e-02 8.311376595499401887e+00
1.000000000000000000e+01 2.179462028728327283e-01 1.898802193301296626e-02 3.256695866988845722e-03 -1.297824243441506875e-01 -2.811182387474764899e-01 -5.076010284533910566e-01 -3.293073916468878815e-01 -2.651818132106487091e-01 -1.073465457569628745e+00 3.031922156140657965e+00 7.837221489431704935e-01 1.579680308624505092e-01 1.096631039257126537e-02 5.261364529271742724e-02 1.564458052200651608e-02 8.240252513805151224e+00
1.000000000000000000e+01 2.148742250442490231e-01 2.006579211671910556e-02 8.067497325609629399e-03 -8.736687193630184034e-02 -3.319921933482652965e-01 -4.542324568292380738e-01 -2.981811331078744742e-01 -2.544961294523265805e-01 -1.072460902246411774e+00 3.141585260066370733e+00 1.309858601870344641e+00 3.144138360825156076e-01 2.028765812040306092e-07 4.022178245307096028e-02 9.150951504729448391e-03 8.158133938612856184e+00
1.000000000000000000e+01 2.113220004265961016e-01 2.073343717485442994e-02 1.234230563005800363e-02 -4.746137086178542352e-02 -3.774532789870860272e-01 -4.003979772079849786e-01 -2.665782230010435017e-01 -2.389812949755095173e-01 -1.071697452379628768e+00 3.141587288832182079e+00 1.712076426401054174e+00 4.059233511298099839e-01 -4.891180950811247922e-07 2.782728978668807043e-02 3.201905350106208463e-03 8.066065989199449504e+00
1.000000000000000000e+01 2.073429859852282675e-01 2.101942597513684063e-02 1.607757022702482885e-02 -1.072768660593161755e-02 -4.174892163002562051e-01 -3.463375451700045349e-01 -2.350451246707200847e-01 -2.200009741704228028e-01 -1.071184066305536309e+00 3.141582397651232483e+00 1.990349324267934650e+00 4.379424046308719731e-01 -1.062425057929219805e-05 1.674591367352257568e-02 -1.498423008862367900e-03 7.965031295582008397e+00
1.000000000000000000e+01 2.029907493996132573e-01 2.095733358223572651e-02 1.927252831332459948e-02 2.240856145021790508e-02 -4.521432758649087669e-01 -2.923620762503686965e-01 -2.035643605129673350e-01 -1.988200343485587718e-01 -1.070870658087147875e+00 3.141476155145439098e+00 2.157808461003161149e+00 4.229581745422482664e-01 -5.067929521177448300e-04 7.849368378352561751e-03 -4.694179393065516480e-03 7.855944410604293715e+00
1.000000000000000000e+01 1.983185624400713998e-01 2.058389179238195865e-02 2.192976759756426475e-02 5.172816764529004213e-02 -4.814830714038386694e-01 -2.388276312368957655e-01 -1.721412350199230945e-01 -1.764892826792796854e-01 -1.070690991212141840e+00 3.136408225624258694e+00 2.236302144786687318e+00 3.760163806115931484e-01 -5.073561937057131412e-03 1.339216450286874038e-03 -6.534071826949658726e-03 7.739606037259644467e+00
1.000000000000000000e+01 1.933790062093150297e-01 1.993729198893090526e-02 2.405558610124680641e-02 7.717490800436332954e-02 -5.056135253862668044e-01 -1.861174641370093585e-01 -1.410132237202138816e-01 -1.537974661461802284e-01 -1.070584351664709777e+00 3.085672606253688333e+00 2.249694309289555605e+00 3.106756623420964258e-01 -9.814746508709348144e-03 1.549101895603495656e-02 -5.689131893321633729e-03 7.615391185300343757e+00
1.000000000000000000e+01 1.882233076694244112e-01 1.905604820347761574e-02 2.566030172433064749e-02 9.875944661622594600e-02 -5.247136410922118577e-01 -1.346462525212658023e-01 -1.106309008244302228e-01 -1.303547365106081934e-01 -1.070468457906556647e+00 2.987525141166594178e+00 2.404604498849905347e+00 2.537843434088800643e-01 -1.356585150674844732e-02 2.455556581166080943e-02 -5.417393981947883630e-03 7.485188417445803211e+00
1.000000000000000000e+01 1.829004269183425180e-01 1.797944679727425665e-02 2.675811766029623229e-02 1.163632237141703912e-01 -5.390492241400497431e-01 -8.477353466735448873e-02 -8.141531228770865214e-02 -1.049789920865903808e-01 -1.070309444636458274e+00 2.851866626099108348e+00 2.650160156966511416e+00 1.996104035894009920e-01 -1.570088991158207631e-02 2.492804736331839105e-02 -5.758507896255911883e-03 7.349989080499678806e+00
1.000000000000000000e+01 1.774563328899709802e-01 1.674852562841788739e-02 2.736666079186811373e-02 1.297627397052288079e-01 -5.489506225368046000e-01 -3.682757562900530746e-02 -5.366705797383654331e-02 -7.717812270560119037e-02 -1.070149663632728121e+00 2.694857726983289403e+00 2.899440630599694479e+00 1.420253246268419478e-01 -1.649819582391491915e-02 1.738686208845280357e-02 -6.511367791008739955e-03 7.210675837983099967e+00
1.000000000000000000e+01 1.719335692699810458e-01 1.540627045853559807e-02 2.750675799997770454e-02 1.387524375054238479e-01 -5.547842647803561400e-01 8.878222553474847401e-03 -2.753633549532032848e-02 -4.729381526912814632e-02 -1.070038886168836578e+00 2.529875768744141329e+00 3.073309251484224625e+00 7.691164671675469744e-02 -1.635342770254306216e-02 6.824698737743092880e-03 -7.199523358894683277e-03 7.068074004035128866e+00
1.000000000000000000e+01 1.663710137278067158e-01 1.399700308720674968e-02 2.720231335714773380e-02 1.432483565486358246e-01 -5.569269236581779747e-01 5.204274336282461999e-02 -3.053243058167948512e-03 -1.621614249156133961e-02 -1.069978300260665982e+00 2.366341491718707779e+00 3.141556238861655803e+00 4.916413127807880284e-03 -1.554691728884546875e-02 3.612665173232736625e-06 -7.428237289688359966e-03 6.922968519382044050e+00
1.000000000000000000e+01 1.608037922366918338e-01 1.256523744798565545e-02 2.648013733276366466e-02 1.433186579061048738e-01 -5.557473612618021308e-01 9.238835582869685259e-02 1.983279124299677440e-02 1.520193667383443366e-02 -1.069923718423180903e+00 2.210872318830252148e+00 3.141592365513386831e+00 -6.936595976907572458e-02 1.382030945908840208e-02 -1.087596283304345437e-06 -8.274367454539178351e-03 6.774545821962277614e+00
1.000000000000000000e+01 1.552635106681830024e-01 1.115458529758850403e-02 2.536980339517347360e-02 1.391304491783044439e-01 -5.515322023115206695e-01 1.296404689517187681e-01 4.262823785238371160e-02 4.663794063237946402e-02 -1.069794229207495118e+00 2.349075413421134240e+00 3.141581489550552497e+00 -1.521096343144674179e-01 2.913330140045947494e-02 -3.591347354191887567e-03 -7.703370406573214514e-03 6.625190247027345158e+00
1.000000000000000000e+01 1.497802813651261111e-01 9.807100535125012897e-03 2.390333818868572990e-02 1.308796546198064958e-01 -5.442677097298774802e-01 1.635794312397547690e-01 6.756368704220562516e-02 7.793254760492378252e-02 -1.069602362672064766e+00 2.640408427425730675e+00 3.105668016008634957e+00 -2.291433383801995960e-01 2.865306423655110402e-02 -1.903947210037256615e-02 -5.378468516054410106e-03 6.475826115230863600e+00
1.000000000000000000e+01 1.443855832459042254e-01 8.562131630697411566e-03 2.211489746751293950e-02 1.188274523654992282e-01 -5.337580461980835356e-01 1.939996798235869568e-01 9.539021799535678248e-02 1.081463651977801615e-01 -1.069488627298757599e+00 2.926939069791239856e+00 2.915273295004911169e+00 -2.829280235407435340e-01 1.748744652965055629e-02 -3.966457421178140597e-02 -1.384568492265504267e-03 6.327274439736383371e+00
1.000000000000000000e+01 1.391130796853419227e-01 7.454820168532272362e-03 2.004055064103393846e-02 1.034105934855320819e-01 -5.198263682554390419e-01 2.207304417284954856e-01 1.255468962154276391e-01 1.354702271117363965e-01 -1.069589958554427511e+00 3.101813535087745155e+00 2.518627552887097387e+00 -2.967737084633986222e-01 3.977669632627124814e-03 -5.953920468248696807e-02 3.788544121743747922e-03 6.180278738288196294e+00
1.000000000000000000e+01 1.339975745851837985e-01 6.514403604687579730e-03 1.771773166645118636e-02 8.528717032105577467e-02 -5.024385828972264267e-01 2.436768628369471723e-01 1.568174606949356842e-01 1.578498201270280010e-01 -1.069952095293033478e+00 3.141590231414016721e+00 1.923235506062228151e+00 -2.588882672459611456e-01 -4.649687260830143078e-04 -7.402840487302837780e-02 9.254794767751926485e-03 6.035540454193295545e+00
1.000000000000000000e+01 1.290732556150420152e-01 5.762732334217535168e-03 1.518431294173572255e-02 6.530496341672976934e-02 -4.817126190515038098e-01 2.628482930838407783e-01 1.883030615373742223e-01 1.735154596934943005e-01 -1.070512481725217624e+00 3.136940544153187016e+00 1.182951457331944622e+00 -1.663403195684417246e-01 -1.856054748473571006e-02 -8.076253620548193290e-02 1.396570144902736267e-02 5.893674084806513669e+00
1.000000000000000000e+01 1.243724353325759147e-01 5.213224132222027407e-03 1.247757543312655315e-02 4.442109497318189049e-02 -4.578645732929353396e-01 2.783530811230751079e-01 2.188543067590476565e-01 1.813413481006431460e-01 -1.071132661970601196e+00 2.951335069305829339e+00 3.753260952771251824e-01 -2.668330507816804587e-02 -4.270049115712686721e-02 -7.849153519751093933e-02 1.682110889869737821e-02 5.755269316440101868e+00
1.000000000000000000e+01 1.199242781653970802e-01 4.870445777283016753e-03 9.633221919666201671e-03 2.360301535317492483e-02 -4.312936696714978480e-01 2.903990328922007036e-01 2.463247324505201119e-01 1.810425097810973993e-01 -1.071641838770213129e+00 2.524330157734558266e+00 -4.095892566979841276e-01 1.415277839088057155e-01 -6.606479090222378003e-02 -6.850634024787398413e-02 1.716158397516831524e-02 5.620830090396224499e+00
1.000000000000000000e+01 1.157528257040727482e-01 4.730321554990091215e-03 6.684414661187965123e-03 3.730995107801020685e-03 -4.026252177998549953e-01 2.992842006748301920e-01 2.683129513258974419e-01 1.731905459191034335e-01 -1.071913292025679754e+00 1.863682248712321021e+00 -1.094652659176724496e+00 3.131436236604889234e-01 -8.323096721605659221e-02 -5.315445351396695661e-02 1.488866736390661444e-02 5.490802914672315183e+00
1.000000000000000000e+01 1.118749976436541615e-01 4.780903163441596604e-03 3.660982329136697189e-03 -1.447729341239300041e-02 -3.726733459154391581e-01 3.053723169811058402e-01 2.827904638357047751e-01 1.590451020567412721e-01 -1.071925224840102775e+00 1.031372576551754738e+00 -1.626197194316392869e+00 4.620302972995550261e-01 -9.051641572417448711e-02 -4.465516548712238076e-02 1.288510457900605109e-02 5.364807870799864986e+00
1.000000000000000000e+01 1.082991061979177161e-01 5.003687999110439932e-03 5.890105059438432988e-04 -3.049187872710890090e-02 -3.423593852052837505e-01 3.090424799224861241e-01 2.885518088137715709e-01 1.398165182952817998e-01 -1.071745841526894338e+00 1.262084193100100893e-01 -2.072748849187616038e+00 5.908813430896157071e-01 -8.735546198540006246e-02 -3.943155591367579482e-02 1.041855970346422522e-02 5.243424567334926678e+00
1.000000000000000000e+01 1.050242604550088998e-01 5.375095103388627393e-03 -2.509226293442967659e-03 -4.391566185101248437e-02 -3.126022993688136742e-01 3.106708754966706620e-01 2.854107779405900547e-01 1.162259646759087189e-01 -1.071469089475495462e+00 -7.473462005439905909e-01 -2.467064408324374014e+00 6.950669401242575152e-01 -7.522969310029099799e-02 -3.289792816596991826e-02 6.837019614301328291e-03 5.127210310166047336e+00
1.000000000000000000e+01 1.020407948734347592e-01 5.867620801071282699e-03 -5.615015043520799054e-03 -5.444367066596427635e-02 -2.842238627116889238e-01 3.105858158353559939e-01 2.741476415977573411e-01 8.891995966246050986e-02 -1.071195778012327349e+00 -1.499643131546900987e+00 -2.796043689984071268e+00 7.634371362672713879e-01 -5.719972295128168682e-02 -2.285850231845700312e-02 2.239213615246984750e-03 5.016645387097489639e+00
1.000000000000000000e+01 9.933154350035078295e-02 6.450853701049474864e-03 -8.712513990271730790e-03 -6.186632783566781840e-02 -2.578794356610046301e-01 3.090280742404462599e-01 2.562786747833691314e-01 5.880362493083891862e-02 -1.071031419544732133e+00 -2.071640361059718050e+00 -3.024628713168640459e+00 7.858292724197410983e-01 -4.238455616564078265e-02 -1.075067661914530515e-02 -2.905167341757531295e-03 4.911495268207636045e+00
